0	0.8647	0.1557	-0.4776	0.0000	-0.2555	0.9549	-0.1512	0.0000	0.4325	0.2528	0.8655	0.0000	1.3416	0.6718	1.3772	1.0000
1	0.8647	0.1557	-0.4776	0.0000	-0.2555	0.9549	-0.1512	0.0000	0.4325	0.2528	0.8655	0.0000	1.3416	0.6718	1.3772	1.0000
2	0.8643	0.1580	-0.4775	0.0000	-0.2574	0.9546	-0.1501	0.0000	0.4321	0.2526	0.8657	0.0000	1.3519	0.6721	1.3722	1.0000
3	0.8643	0.1580	-0.4775	0.0000	-0.2574	0.9546	-0.1501	0.0000	0.4321	0.2526	0.8657	0.0000	1.3519	0.6721	1.3722	1.0000
4	0.8627	0.1576	-0.4805	0.0000	-0.2587	0.9540	-0.1516	0.0000	0.4345	0.2551	0.8638	0.0000	1.3607	0.6717	1.3673	1.0000
5	0.8627	0.1576	-0.4805	0.0000	-0.2587	0.9540	-0.1516	0.0000	0.4345	0.2551	0.8638	0.0000	1.3607	0.6717	1.3673	1.0000
6	0.8615	0.1593	-0.4821	0.0000	-0.2604	0.9537	-0.1502	0.0000	0.4358	0.2549	0.8632	0.0000	1.3672	0.6711	1.3622	1.0000
7	0.8615	0.1593	-0.4821	0.0000	-0.2604	0.9537	-0.1502	0.0000	0.4358	0.2549	0.8632	0.0000	1.3672	0.6711	1.3622	1.0000
8	0.8601	0.1575	-0.4851	0.0000	-0.2583	0.9547	-0.1480	0.0000	0.4398	0.2526	0.8618	0.0000	1.3737	0.6705	1.3587	1.0000
9	0.8601	0.1575	-0.4851	0.0000	-0.2583	0.9547	-0.1480	0.0000	0.4398	0.2526	0.8618	0.0000	1.3737	0.6705	1.3587	1.0000
10	0.8586	0.1551	-0.4886	0.0000	-0.2580	0.9544	-0.1504	0.0000	0.4430	0.2552	0.8595	0.0000	1.3790	0.6696	1.3554	1.0000
11	0.8586	0.1551	-0.4886	0.0000	-0.2580	0.9544	-0.1504	0.0000	0.4430	0.2552	0.8595	0.0000	1.3790	0.6696	1.3554	1.0000
12	0.8571	0.1557	-0.4910	0.0000	-0.2600	0.9536	-0.1515	0.0000	0.4447	0.2575	0.8579	0.0000	1.3803	0.6690	1.3525	1.0000
13	0.8571	0.1557	-0.4910	0.0000	-0.2600	0.9536	-0.1515	0.0000	0.4447	0.2575	0.8579	0.0000	1.3803	0.6690	1.3525	1.0000
14	0.8548	0.1560	-0.4950	0.0000	-0.2622	0.9529	-0.1525	0.0000	0.4478	0.2602	0.8554	0.0000	1.3828	0.6684	1.3499	1.0000
15	0.8548	0.1560	-0.4950	0.0000	-0.2622	0.9529	-0.1525	0.0000	0.4478	0.2602	0.8554	0.0000	1.3828	0.6684	1.3499	1.0000
16	0.8518	0.1556	-0.5002	0.0000	-0.2641	0.9522	-0.1535	0.0000	0.4524	0.2629	0.8522	0.0000	1.3840	0.6679	1.3474	1.0000
17	0.8518	0.1556	-0.5002	0.0000	-0.2641	0.9522	-0.1535	0.0000	0.4524	0.2629	0.8522	0.0000	1.3840	0.6679	1.3474	1.0000
18	0.8482	0.1561	-0.5062	0.0000	-0.2657	0.9520	-0.1517	0.0000	0.4583	0.2632	0.8490	0.0000	1.3807	0.6670	1.3447	1.0000
19	0.8482	0.1561	-0.5062	0.0000	-0.2657	0.9520	-0.1517	0.0000	0.4583	0.2632	0.8490	0.0000	1.3807	0.6670	1.3447	1.0000
20	0.8446	0.1561	-0.5121	0.0000	-0.2663	0.9523	-0.1488	0.0000	0.4645	0.2620	0.8459	0.0000	1.3795	0.6670	1.3424	1.0000
21	0.8411	0.1565	-0.5177	0.0000	-0.2681	0.9520	-0.1477	0.0000	0.4697	0.2630	0.8427	0.0000	1.3774	0.6669	1.3399	1.0000
22	0.8411	0.1565	-0.5177	0.0000	-0.2681	0.9520	-0.1477	0.0000	0.4697	0.2630	0.8427	0.0000	1.3774	0.6669	1.3399	1.0000
23	0.8377	0.1572	-0.5230	0.0000	-0.2698	0.9518	-0.1460	0.0000	0.4748	0.2634	0.8397	0.0000	1.3743	0.6671	1.3373	1.0000
24	0.8376	0.1576	-0.5231	0.0000	-0.2702	0.9517	-0.1459	0.0000	0.4748	0.2636	0.8397	0.0000	1.3720	0.6665	1.3371	1.0000
25	0.8376	0.1576	-0.5231	0.0000	-0.2702	0.9517	-0.1459	0.0000	0.4748	0.2636	0.8397	0.0000	1.3720	0.6665	1.3371	1.0000
26	0.8344	0.1583	-0.5280	0.0000	-0.2710	0.9519	-0.1430	0.0000	0.4799	0.2624	0.8371	0.0000	1.3679	0.6668	1.3345	1.0000
27	0.8316	0.1587	-0.5321	0.0000	-0.2722	0.9518	-0.1416	0.0000	0.4840	0.2627	0.8347	0.0000	1.3629	0.6672	1.3317	1.0000
28	0.8316	0.1587	-0.5321	0.0000	-0.2722	0.9518	-0.1416	0.0000	0.4840	0.2627	0.8347	0.0000	1.3629	0.6672	1.3317	1.0000
29	0.8289	0.1587	-0.5364	0.0000	-0.2725	0.9520	-0.1394	0.0000	0.4885	0.2618	0.8324	0.0000	1.3571	0.6677	1.3289	1.0000
30	0.8289	0.1587	-0.5364	0.0000	-0.2725	0.9520	-0.1394	0.0000	0.4885	0.2618	0.8324	0.0000	1.3571	0.6677	1.3289	1.0000
31	0.8288	0.1591	-0.5365	0.0000	-0.2729	0.9519	-0.1394	0.0000	0.4885	0.2620	0.8323	0.0000	1.3548	0.6673	1.3290	1.0000
32	0.8262	0.1585	-0.5407	0.0000	-0.2721	0.9525	-0.1365	0.0000	0.4934	0.2599	0.8301	0.0000	1.3481	0.6680	1.3263	1.0000
33	0.8241	0.1580	-0.5439	0.0000	-0.2713	0.9531	-0.1341	0.0000	0.4972	0.2580	0.8284	0.0000	1.3408	0.6688	1.3235	1.0000
34	0.8241	0.1580	-0.5439	0.0000	-0.2713	0.9531	-0.1341	0.0000	0.4972	0.2580	0.8284	0.0000	1.3408	0.6688	1.3235	1.0000
35	0.8241	0.1580	-0.5439	0.0000	-0.2713	0.9531	-0.1341	0.0000	0.4972	0.2580	0.8284	0.0000	1.3408	0.6688	1.3235	1.0000
36	0.8227	0.1577	-0.5461	0.0000	-0.2702	0.9538	-0.1316	0.0000	0.5001	0.2559	0.8273	0.0000	1.3317	0.6709	1.3221	1.0000
37	0.8218	0.1574	-0.5477	0.0000	-0.2682	0.9548	-0.1280	0.0000	0.5028	0.2521	0.8268	0.0000	1.3231	0.6724	1.3194	1.0000
38	0.8218	0.1574	-0.5477	0.0000	-0.2682	0.9548	-0.1280	0.0000	0.5028	0.2521	0.8268	0.0000	1.3231	0.6724	1.3194	1.0000
39	0.8216	0.1571	-0.5480	0.0000	-0.2661	0.9558	-0.1251	0.0000	0.5041	0.2486	0.8271	0.0000	1.3138	0.6743	1.3167	1.0000
40	0.8216	0.1571	-0.5480	0.0000	-0.2661	0.9558	-0.1251	0.0000	0.5041	0.2486	0.8271	0.0000	1.3138	0.6743	1.3167	1.0000
41	0.8227	0.1571	-0.5464	0.0000	-0.2652	0.9561	-0.1244	0.0000	0.5029	0.2472	0.8282	0.0000	1.3038	0.6764	1.3138	1.0000
42	0.8227	0.1571	-0.5464	0.0000	-0.2652	0.9561	-0.1244	0.0000	0.5029	0.2472	0.8282	0.0000	1.3038	0.6764	1.3138	1.0000
43	0.8251	0.1567	-0.5429	0.0000	-0.2634	0.9567	-0.1242	0.0000	0.4999	0.2455	0.8306	0.0000	1.2924	0.6786	1.3098	1.0000
44	0.8251	0.1567	-0.5429	0.0000	-0.2634	0.9567	-0.1242	0.0000	0.4999	0.2455	0.8306	0.0000	1.2924	0.6786	1.3098	1.0000
45	0.8284	0.1550	-0.5383	0.0000	-0.2591	0.9580	-0.1228	0.0000	0.4966	0.2412	0.8338	0.0000	1.2817	0.6814	1.3066	1.0000
46	0.8284	0.1550	-0.5383	0.0000	-0.2591	0.9580	-0.1228	0.0000	0.4966	0.2412	0.8338	0.0000	1.2817	0.6814	1.3066	1.0000
47	0.8328	0.1528	-0.5321	0.0000	-0.2540	0.9595	-0.1221	0.0000	0.4918	0.2369	0.8378	0.0000	1.2705	0.6845	1.3029	1.0000
48	0.8334	0.1524	-0.5312	0.0000	-0.2539	0.9594	-0.1231	0.0000	0.4908	0.2374	0.8383	0.0000	1.2689	0.6860	1.3028	1.0000
49	0.8382	0.1488	-0.5247	0.0000	-0.2482	0.9607	-0.1241	0.0000	0.4856	0.2342	0.8422	0.0000	1.2573	0.6894	1.2985	1.0000
50	0.8382	0.1488	-0.5247	0.0000	-0.2482	0.9607	-0.1241	0.0000	0.4856	0.2342	0.8422	0.0000	1.2573	0.6894	1.2985	1.0000
51	0.8422	0.1440	-0.5196	0.0000	-0.2413	0.9624	-0.1243	0.0000	0.4822	0.2301	0.8453	0.0000	1.2455	0.6932	1.2939	1.0000
52	0.8422	0.1440	-0.5196	0.0000	-0.2413	0.9624	-0.1243	0.0000	0.4822	0.2301	0.8453	0.0000	1.2455	0.6932	1.2939	1.0000
53	0.8455	0.1401	-0.5153	0.0000	-0.2344	0.9644	-0.1223	0.0000	0.4798	0.2241	0.8483	0.0000	1.2335	0.6975	1.2892	1.0000
54	0.8455	0.1402	-0.5152	0.0000	-0.2344	0.9644	-0.1223	0.0000	0.4797	0.2241	0.8483	0.0000	1.2335	0.6967	1.2885	1.0000
55	0.8489	0.1365	-0.5106	0.0000	-0.2278	0.9662	-0.1203	0.0000	0.4769	0.2184	0.8514	0.0000	1.2215	0.7013	1.2835	1.0000
56	0.8489	0.1365	-0.5106	0.0000	-0.2278	0.9662	-0.1203	0.0000	0.4769	0.2184	0.8514	0.0000	1.2215	0.7013	1.2835	1.0000
57	0.8527	0.1318	-0.5055	0.0000	-0.2209	0.9678	-0.1204	0.0000	0.4734	0.2144	0.8544	0.0000	1.2098	0.7060	1.2785	1.0000
58	0.8527	0.1318	-0.5055	0.0000	-0.2209	0.9678	-0.1204	0.0000	0.4734	0.2144	0.8544	0.0000	1.2098	0.7060	1.2785	1.0000
59	0.8572	0.1261	-0.4994	0.0000	-0.2128	0.9697	-0.1203	0.0000	0.4690	0.2094	0.8580	0.0000	1.1984	0.7111	1.2737	1.0000
60	0.8572	0.1262	-0.4992	0.0000	-0.2129	0.9696	-0.1205	0.0000	0.4689	0.2095	0.8581	0.0000	1.1983	0.7102	1.2727	1.0000
61	0.8618	0.1199	-0.4928	0.0000	-0.2038	0.9716	-0.1200	0.0000	0.4644	0.2039	0.8618	0.0000	1.1874	0.7153	1.2676	1.0000
62	0.8618	0.1199	-0.4928	0.0000	-0.2038	0.9716	-0.1200	0.0000	0.4644	0.2039	0.8618	0.0000	1.1874	0.7153	1.2676	1.0000
63	0.8664	0.1135	-0.4863	0.0000	-0.1951	0.9734	-0.1205	0.0000	0.4597	0.1992	0.8654	0.0000	1.1769	0.7203	1.2625	1.0000
64	0.8664	0.1135	-0.4863	0.0000	-0.1951	0.9734	-0.1205	0.0000	0.4597	0.1992	0.8654	0.0000	1.1769	0.7203	1.2625	1.0000
65	0.8700	0.1064	-0.4814	0.0000	-0.1865	0.9749	-0.1215	0.0000	0.4564	0.1955	0.8680	0.0000	1.1669	0.7252	1.2574	1.0000
66	0.8700	0.1064	-0.4814	0.0000	-0.1865	0.9749	-0.1215	0.0000	0.4564	0.1955	0.8680	0.0000	1.1669	0.7252	1.2574	1.0000
67	0.8724	0.0999	-0.4785	0.0000	-0.1788	0.9763	-0.1221	0.0000	0.4549	0.1921	0.8696	0.0000	1.1573	0.7301	1.2523	1.0000
68	0.8724	0.1000	-0.4785	0.0000	-0.1789	0.9762	-0.1223	0.0000	0.4549	0.1923	0.8696	0.0000	1.1577	0.7299	1.2521	1.0000
69	0.8743	0.0956	-0.4759	0.0000	-0.1732	0.9773	-0.1220	0.0000	0.4534	0.1891	0.8710	0.0000	1.1485	0.7347	1.2472	1.0000
70	0.8743	0.0956	-0.4759	0.0000	-0.1732	0.9773	-0.1220	0.0000	0.4534	0.1891	0.8710	0.0000	1.1485	0.7347	1.2472	1.0000
71	0.8757	0.0929	-0.4739	0.0000	-0.1688	0.9783	-0.1201	0.0000	0.4524	0.1852	0.8724	0.0000	1.1399	0.7395	1.2426	1.0000
72	0.8769	0.0910	-0.4721	0.0000	-0.1646	0.9794	-0.1168	0.0000	0.4517	0.1801	0.8738	0.0000	1.1320	0.7442	1.2382	1.0000
73	0.8769	0.0915	-0.4719	0.0000	-0.1650	0.9793	-0.1168	0.0000	0.4515	0.1803	0.8739	0.0000	1.1312	0.7440	1.2389	1.0000
74	0.8783	0.0898	-0.4697	0.0000	-0.1607	0.9805	-0.1129	0.0000	0.4504	0.1746	0.8756	0.0000	1.1240	0.7487	1.2347	1.0000
75	0.8783	0.0898	-0.4697	0.0000	-0.1607	0.9805	-0.1129	0.0000	0.4504	0.1746	0.8756	0.0000	1.1240	0.7487	1.2347	1.0000
76	0.8783	0.0898	-0.4697	0.0000	-0.1607	0.9805	-0.1129	0.0000	0.4504	0.1746	0.8756	0.0000	1.1240	0.7487	1.2347	1.0000
77	0.8801	0.0887	-0.4664	0.0000	-0.1572	0.9814	-0.1100	0.0000	0.4479	0.1701	0.8777	0.0000	1.1173	0.7534	1.2305	1.0000
78	0.8801	0.0887	-0.4664	0.0000	-0.1572	0.9814	-0.1100	0.0000	0.4479	0.1701	0.8777	0.0000	1.1173	0.7534	1.2305	1.0000
79	0.8822	0.0870	-0.4628	0.0000	-0.1539	0.9821	-0.1087	0.0000	0.4450	0.1671	0.8798	0.0000	1.1114	0.7578	1.2261	1.0000
80	0.8845	0.0839	-0.4589	0.0000	-0.1494	0.9829	-0.1081	0.0000	0.4420	0.1642	0.8819	0.0000	1.1065	0.7628	1.2220	1.0000
81	0.8845	0.0839	-0.4589	0.0000	-0.1494	0.9829	-0.1081	0.0000	0.4420	0.1642	0.8819	0.0000	1.1065	0.7628	1.2220	1.0000
82	0.8845	0.0839	-0.4589	0.0000	-0.1494	0.9829	-0.1081	0.0000	0.4420	0.1642	0.8819	0.0000	1.1065	0.7628	1.2220	1.0000
83	0.8872	0.0799	-0.4544	0.0000	-0.1437	0.9838	-0.1076	0.0000	0.4384	0.1607	0.8843	0.0000	1.1022	0.7673	1.2175	1.0000
84	0.8872	0.0799	-0.4544	0.0000	-0.1437	0.9838	-0.1076	0.0000	0.4384	0.1607	0.8843	0.0000	1.1022	0.7673	1.2175	1.0000
85	0.8900	0.0754	-0.4497	0.0000	-0.1376	0.9847	-0.1073	0.0000	0.4347	0.1574	0.8867	0.0000	1.0995	0.7725	1.2145	1.0000
86	0.8900	0.0754	-0.4497	0.0000	-0.1376	0.9847	-0.1073	0.0000	0.4347	0.1574	0.8867	0.0000	1.0995	0.7725	1.2145	1.0000
87	0.8927	0.0698	-0.4452	0.0000	-0.1302	0.9857	-0.1065	0.0000	0.4314	0.1531	0.8891	0.0000	1.0967	0.7773	1.2101	1.0000
88	0.8957	0.0642	-0.4400	0.0000	-0.1222	0.9870	-0.1048	0.0000	0.4275	0.1476	0.8919	0.0000	1.0948	0.7821	1.2056	1.0000
89	0.8957	0.0642	-0.4400	0.0000	-0.1222	0.9870	-0.1048	0.0000	0.4275	0.1476	0.8919	0.0000	1.0948	0.7821	1.2056	1.0000
90	0.8957	0.0642	-0.4400	0.0000	-0.1222	0.9870	-0.1048	0.0000	0.4275	0.1476	0.8919	0.0000	1.0948	0.7821	1.2056	1.0000
91	0.8989	0.0592	-0.4340	0.0000	-0.1146	0.9881	-0.1026	0.0000	0.4228	0.1419	0.8950	0.0000	1.0935	0.7870	1.2011	1.0000
92	0.9023	0.0547	-0.4276	0.0000	-0.1074	0.9892	-0.1000	0.0000	0.4175	0.1361	0.8984	0.0000	1.0936	0.7928	1.1970	1.0000
93	0.9023	0.0547	-0.4276	0.0000	-0.1074	0.9892	-0.1000	0.0000	0.4175	0.1361	0.8984	0.0000	1.0936	0.7928	1.1970	1.0000
94	0.9023	0.0547	-0.4276	0.0000	-0.1074	0.9892	-0.1000	0.0000	0.4175	0.1361	0.8984	0.0000	1.0936	0.7928	1.1970	1.0000
95	0.9060	0.0511	-0.4203	0.0000	-0.1005	0.9903	-0.0962	0.0000	0.4113	0.1294	0.9023	0.0000	1.0938	0.7979	1.1927	1.0000
96	0.9060	0.0511	-0.4203	0.0000	-0.1005	0.9903	-0.0962	0.0000	0.4113	0.1294	0.9023	0.0000	1.0938	0.7979	1.1927	1.0000
97	0.9099	0.0482	-0.4121	0.0000	-0.0940	0.9914	-0.0916	0.0000	0.4041	0.1221	0.9065	0.0000	1.0948	0.8031	1.1884	1.0000
98	0.9099	0.0481	-0.4120	0.0000	-0.0939	0.9913	-0.0917	0.0000	0.4040	0.1222	0.9065	0.0000	1.0953	0.8037	1.1887	1.0000
99	0.9138	0.0457	-0.4035	0.0000	-0.0881	0.9923	-0.0871	0.0000	0.3965	0.1151	0.9108	0.0000	1.0968	0.8089	1.1844	1.0000
100	0.9175	0.0430	-0.3953	0.0000	-0.0821	0.9932	-0.0825	0.0000	0.3891	0.1082	0.9148	0.0000	1.0990	0.8140	1.1801	1.0000
101	0.9175	0.0430	-0.3953	0.0000	-0.0821	0.9932	-0.0825	0.0000	0.3891	0.1082	0.9148	0.0000	1.0990	0.8140	1.1801	1.0000
102	0.9175	0.0430	-0.3953	0.0000	-0.0821	0.9932	-0.0825	0.0000	0.3891	0.1082	0.9148	0.0000	1.0990	0.8140	1.1801	1.0000
103	0.9210	0.0402	-0.3875	0.0000	-0.0753	0.9943	-0.0759	0.0000	0.3822	0.0991	0.9187	0.0000	1.1018	0.8191	1.1759	1.0000
104	0.9246	0.0371	-0.3790	0.0000	-0.0683	0.9953	-0.0692	0.0000	0.3747	0.0899	0.9228	0.0000	1.1057	0.8249	1.1712	1.0000
105	0.9246	0.0371	-0.3790	0.0000	-0.0683	0.9953	-0.0692	0.0000	0.3747	0.0899	0.9228	0.0000	1.1057	0.8249	1.1712	1.0000
106	0.9246	0.0371	-0.3790	0.0000	-0.0683	0.9953	-0.0692	0.0000	0.3747	0.0899	0.9228	0.0000	1.1057	0.8249	1.1712	1.0000
107	0.9282	0.0342	-0.3706	0.0000	-0.0621	0.9960	-0.0635	0.0000	0.3670	0.0820	0.9266	0.0000	1.1096	0.8297	1.1671	1.0000
108	0.9282	0.0342	-0.3706	0.0000	-0.0621	0.9960	-0.0635	0.0000	0.3670	0.0820	0.9266	0.0000	1.1096	0.8297	1.1671	1.0000
109	0.9318	0.0310	-0.3617	0.0000	-0.0552	0.9969	-0.0566	0.0000	0.3588	0.0727	0.9306	0.0000	1.1141	0.8344	1.1632	1.0000
110	0.9317	0.0311	-0.3618	0.0000	-0.0553	0.9968	-0.0568	0.0000	0.3589	0.0730	0.9305	0.0000	1.1134	0.8365	1.1626	1.0000
111	0.9353	0.0273	-0.3527	0.0000	-0.0468	0.9978	-0.0468	0.0000	0.3507	0.0603	0.9346	0.0000	1.1186	0.8413	1.1590	1.0000
112	0.9394	0.0242	-0.3421	0.0000	-0.0398	0.9985	-0.0385	0.0000	0.3406	0.0498	0.9389	0.0000	1.1244	0.8459	1.1555	1.0000
113	0.9394	0.0242	-0.3421	0.0000	-0.0398	0.9985	-0.0385	0.0000	0.3406	0.0498	0.9389	0.0000	1.1244	0.8459	1.1555	1.0000
114	0.9438	0.0213	-0.3298	0.0000	-0.0339	0.9989	-0.0325	0.0000	0.3288	0.0418	0.9435	0.0000	1.1309	0.8501	1.1521	1.0000
115	0.9438	0.0214	-0.3300	0.0000	-0.0342	0.9989	-0.0330	0.0000	0.3289	0.0424	0.9434	0.0000	1.1301	0.8512	1.1505	1.0000
116	0.9480	0.0187	-0.3177	0.0000	-0.0288	0.9992	-0.0269	0.0000	0.3170	0.0346	0.9478	0.0000	1.1372	0.8552	1.1472	1.0000
117	0.9480	0.0187	-0.3177	0.0000	-0.0288	0.9992	-0.0269	0.0000	0.3170	0.0346	0.9478	0.0000	1.1372	0.8552	1.1472	1.0000
118	0.9524	0.0165	-0.3045	0.0000	-0.0242	0.9995	-0.0213	0.0000	0.3040	0.0276	0.9523	0.0000	1.1448	0.8588	1.1441	1.0000
119	0.9524	0.0165	-0.3045	0.0000	-0.0242	0.9995	-0.0213	0.0000	0.3040	0.0276	0.9523	0.0000	1.1448	0.8588	1.1441	1.0000
120	0.9561	0.0150	-0.2928	0.0000	-0.0210	0.9996	-0.0175	0.0000	0.2924	0.0229	0.9560	0.0000	1.1518	0.8618	1.1400	1.0000
121	0.9561	0.0150	-0.2928	0.0000	-0.0210	0.9996	-0.0175	0.0000	0.2924	0.0229	0.9560	0.0000	1.1518	0.8618	1.1400	1.0000
122	0.9601	0.0131	-0.2794	0.0000	-0.0179	0.9997	-0.0147	0.0000	0.2791	0.0191	0.9601	0.0000	1.1603	0.8647	1.1370	1.0000
123	0.9601	0.0131	-0.2794	0.0000	-0.0179	0.9997	-0.0147	0.0000	0.2791	0.0191	0.9601	0.0000	1.1603	0.8647	1.1370	1.0000
124	0.9639	0.0109	-0.2660	0.0000	-0.0148	0.9998	-0.0125	0.0000	0.2658	0.0160	0.9639	0.0000	1.1693	0.8671	1.1341	1.0000
125	0.9679	0.0093	-0.2513	0.0000	-0.0123	0.9999	-0.0103	0.0000	0.2512	0.0130	0.9678	0.0000	1.1787	0.8693	1.1315	1.0000
126	0.9679	0.0094	-0.2513	0.0000	-0.0127	0.9999	-0.0116	0.0000	0.2511	0.0144	0.9678	0.0000	1.1781	0.8696	1.1285	1.0000
127	0.9717	0.0080	-0.2361	0.0000	-0.0104	0.9999	-0.0090	0.0000	0.2360	0.0112	0.9717	0.0000	1.1878	0.8715	1.1261	1.0000
128	0.9717	0.0080	-0.2361	0.0000	-0.0104	0.9999	-0.0090	0.0000	0.2360	0.0112	0.9717	0.0000	1.1878	0.8715	1.1261	1.0000
129	0.9753	0.0066	-0.2208	0.0000	-0.0082	0.9999	-0.0063	0.0000	0.2208	0.0080	0.9753	0.0000	1.1982	0.8733	1.1240	1.0000
130	0.9753	0.0066	-0.2208	0.0000	-0.0082	0.9999	-0.0063	0.0000	0.2208	0.0080	0.9753	0.0000	1.1982	0.8733	1.1240	1.0000
131	0.9753	0.0066	-0.2208	0.0000	-0.0082	0.9999	-0.0063	0.0000	0.2208	0.0080	0.9753	0.0000	1.1982	0.8733	1.1240	1.0000
132	0.9787	0.0053	-0.2052	0.0000	-0.0063	1.0000	-0.0042	0.0000	0.2051	0.0054	0.9787	0.0000	1.2089	0.8748	1.1223	1.0000
133	0.9787	0.0053	-0.2052	0.0000	-0.0064	1.0000	-0.0048	0.0000	0.2052	0.0060	0.9787	0.0000	1.2088	0.8750	1.1209	1.0000
134	0.9819	0.0041	-0.1894	0.0000	-0.0047	1.0000	-0.0026	0.0000	0.1894	0.0034	0.9819	0.0000	1.2199	0.8763	1.1194	1.0000
135	0.9819	0.0041	-0.1894	0.0000	-0.0047	1.0000	-0.0026	0.0000	0.1894	0.0034	0.9819	0.0000	1.2199	0.8763	1.1194	1.0000
136	0.9847	0.0025	-0.1741	0.0000	-0.0026	1.0000	-0.0008	0.0000	0.1741	0.0013	0.9847	0.0000	1.2314	0.8774	1.1181	1.0000
137	0.9847	0.0025	-0.1741	0.0000	-0.0026	1.0000	-0.0008	0.0000	0.1741	0.0013	0.9847	0.0000	1.2314	0.8774	1.1181	1.0000
138	0.9872	0.0003	-0.1595	0.0000	-0.0003	1.0000	-0.0000	0.0000	0.1595	0.0001	0.9872	0.0000	1.2431	0.8796	1.1150	1.0000
139	0.9893	-0.0017	-0.1460	0.0000	0.0018	1.0000	0.0006	0.0000	0.1460	-0.0009	0.9893	0.0000	1.2551	0.8802	1.1140	1.0000
140	0.9893	-0.0017	-0.1460	0.0000	0.0018	1.0000	0.0006	0.0000	0.1460	-0.0009	0.9893	0.0000	1.2551	0.8802	1.1140	1.0000
141	0.9910	-0.0038	-0.1338	0.0000	0.0039	1.0000	0.0009	0.0000	0.1338	-0.0014	0.9910	0.0000	1.2673	0.8806	1.1132	1.0000
142	0.9910	-0.0038	-0.1338	0.0000	0.0039	1.0000	0.0009	0.0000	0.1338	-0.0014	0.9910	0.0000	1.2673	0.8806	1.1132	1.0000
143	0.9925	-0.0060	-0.1217	0.0000	0.0061	1.0000	0.0001	0.0000	0.1217	-0.0009	0.9926	0.0000	1.2796	0.8807	1.1127	1.0000
144	0.9925	-0.0061	-0.1223	0.0000	0.0061	1.0000	-0.0004	0.0000	0.1223	-0.0003	0.9925	0.0000	1.2798	0.8811	1.1119	1.0000
145	0.9939	-0.0085	-0.1103	0.0000	0.0084	1.0000	-0.0011	0.0000	0.1103	0.0002	0.9939	0.0000	1.2921	0.8810	1.1116	1.0000
146	0.9939	-0.0085	-0.1103	0.0000	0.0084	1.0000	-0.0011	0.0000	0.1103	0.0002	0.9939	0.0000	1.2921	0.8810	1.1116	1.0000
147	0.9951	-0.0107	-0.0985	0.0000	0.0105	0.9999	-0.0019	0.0000	0.0985	0.0009	0.9951	0.0000	1.3044	0.8807	1.1117	1.0000
148	0.9951	-0.0107	-0.0985	0.0000	0.0105	0.9999	-0.0019	0.0000	0.0985	0.0009	0.9951	0.0000	1.3044	0.8807	1.1117	1.0000
149	0.9961	-0.0122	-0.0874	0.0000	0.0120	0.9999	-0.0032	0.0000	0.0874	0.0021	0.9962	0.0000	1.3166	0.8802	1.1121	1.0000
150	0.9960	-0.0117	-0.0883	0.0000	0.0115	0.9999	-0.0035	0.0000	0.0883	0.0024	0.9961	0.0000	1.3158	0.8791	1.1134	1.0000
151	0.9969	-0.0128	-0.0774	0.0000	0.0125	0.9999	-0.0044	0.0000	0.0774	0.0034	0.9970	0.0000	1.3278	0.8783	1.1141	1.0000
152	0.9969	-0.0128	-0.0774	0.0000	0.0125	0.9999	-0.0044	0.0000	0.0774	0.0034	0.9970	0.0000	1.3278	0.8783	1.1141	1.0000
153	0.9969	-0.0128	-0.0774	0.0000	0.0125	0.9999	-0.0044	0.0000	0.0774	0.0034	0.9970	0.0000	1.3278	0.8783	1.1141	1.0000
154	0.9977	-0.0138	-0.0666	0.0000	0.0134	0.9999	-0.0064	0.0000	0.0667	0.0055	0.9978	0.0000	1.3397	0.8773	1.1150	1.0000
155	0.9983	-0.0149	-0.0564	0.0000	0.0144	0.9999	-0.0094	0.0000	0.0565	0.0086	0.9984	0.0000	1.3515	0.8761	1.1160	1.0000
156	0.9983	-0.0150	-0.0569	0.0000	0.0144	0.9998	-0.0100	0.0000	0.0571	0.0092	0.9983	0.0000	1.3509	0.8755	1.1138	1.0000
157	0.9988	-0.0158	-0.0470	0.0000	0.0152	0.9998	-0.0128	0.0000	0.0472	0.0120	0.9988	0.0000	1.3625	0.8740	1.1149	1.0000
158	0.9988	-0.0158	-0.0470	0.0000	0.0152	0.9998	-0.0128	0.0000	0.0472	0.0120	0.9988	0.0000	1.3625	0.8740	1.1149	1.0000
159	0.9991	-0.0166	-0.0386	0.0000	0.0160	0.9998	-0.0152	0.0000	0.0388	0.0146	0.9991	0.0000	1.3724	0.8725	1.1161	1.0000
160	0.9991	-0.0166	-0.0386	0.0000	0.0160	0.9998	-0.0152	0.0000	0.0388	0.0146	0.9991	0.0000	1.3724	0.8725	1.1161	1.0000
161	0.9994	-0.0172	-0.0292	0.0000	0.0167	0.9997	-0.0187	0.0000	0.0295	0.0182	0.9994	0.0000	1.3836	0.8706	1.1177	1.0000
162	0.9994	-0.0172	-0.0299	0.0000	0.0166	0.9997	-0.0188	0.0000	0.0303	0.0183	0.9994	0.0000	1.3832	0.8700	1.1172	1.0000
163	0.9996	-0.0173	-0.0202	0.0000	0.0168	0.9996	-0.0229	0.0000	0.0206	0.0226	0.9995	0.0000	1.3940	0.8678	1.1189	1.0000
164	0.9996	-0.0173	-0.0202	0.0000	0.0168	0.9996	-0.0229	0.0000	0.0206	0.0226	0.9995	0.0000	1.3940	0.8678	1.1189	1.0000
165	0.9996	-0.0173	-0.0202	0.0000	0.0168	0.9996	-0.0229	0.0000	0.0206	0.0226	0.9995	0.0000	1.3940	0.8678	1.1189	1.0000
166	0.9999	-0.0153	-0.0018	0.0000	0.0152	0.9994	-0.0316	0.0000	0.0023	0.0316	0.9995	0.0000	1.4152	0.8626	1.1230	1.0000
167	0.9999	-0.0153	-0.0018	0.0000	0.0152	0.9994	-0.0316	0.0000	0.0023	0.0316	0.9995	0.0000	1.4152	0.8626	1.1230	1.0000
168	0.9999	-0.0135	0.0070	0.0000	0.0137	0.9992	-0.0375	0.0000	-0.0065	0.0376	0.9993	0.0000	1.4255	0.8596	1.1252	1.0000
169	0.9999	-0.0135	0.0070	0.0000	0.0137	0.9992	-0.0375	0.0000	-0.0065	0.0376	0.9993	0.0000	1.4255	0.8596	1.1252	1.0000
170	0.9998	-0.0118	0.0140	0.0000	0.0124	0.9989	-0.0445	0.0000	-0.0134	0.0447	0.9989	0.0000	1.4353	0.8553	1.1263	1.0000
171	0.9998	-0.0118	0.0140	0.0000	0.0124	0.9989	-0.0445	0.0000	-0.0134	0.0447	0.9989	0.0000	1.4353	0.8553	1.1263	1.0000
172	0.9997	-0.0102	0.0201	0.0000	0.0112	0.9986	-0.0523	0.0000	-0.0196	0.0525	0.9984	0.0000	1.4453	0.8515	1.1284	1.0000
173	0.9997	-0.0102	0.0201	0.0000	0.0112	0.9986	-0.0523	0.0000	-0.0196	0.0525	0.9984	0.0000	1.4453	0.8515	1.1284	1.0000
174	0.9996	-0.0085	0.0259	0.0000	0.0100	0.9981	-0.0611	0.0000	-0.0253	0.0613	0.9978	0.0000	1.4552	0.8474	1.1308	1.0000
175	0.9997	-0.0088	0.0246	0.0000	0.0103	0.9981	-0.0609	0.0000	-0.0241	0.0611	0.9978	0.0000	1.4561	0.8463	1.1288	1.0000
176	0.9995	-0.0076	0.0298	0.0000	0.0097	0.9975	-0.0700	0.0000	-0.0292	0.0703	0.9971	0.0000	1.4658	0.8419	1.1311	1.0000
177	0.9995	-0.0076	0.0298	0.0000	0.0097	0.9975	-0.0700	0.0000	-0.0292	0.0703	0.9971	0.0000	1.4658	0.8419	1.1311	1.0000
178	0.9994	-0.0068	0.0335	0.0000	0.0094	0.9968	-0.0788	0.0000	-0.0328	0.0791	0.9963	0.0000	1.4753	0.8374	1.1337	1.0000
179	0.9994	-0.0068	0.0335	0.0000	0.0094	0.9968	-0.0788	0.0000	-0.0328	0.0791	0.9963	0.0000	1.4753	0.8374	1.1337	1.0000
180	0.9993	-0.0061	0.0356	0.0000	0.0092	0.9960	-0.0883	0.0000	-0.0350	0.0886	0.9955	0.0000	1.4836	0.8322	1.1337	1.0000
181	0.9992	-0.0044	0.0385	0.0000	0.0081	0.9952	-0.0975	0.0000	-0.0379	0.0978	0.9945	0.0000	1.4925	0.8272	1.1367	1.0000
182	0.9992	-0.0044	0.0385	0.0000	0.0081	0.9952	-0.0975	0.0000	-0.0379	0.0978	0.9945	0.0000	1.4925	0.8272	1.1367	1.0000
183	0.9991	-0.0020	0.0421	0.0000	0.0065	0.9942	-0.1075	0.0000	-0.0417	0.1077	0.9933	0.0000	1.5012	0.8220	1.1399	1.0000
184	0.9991	-0.0020	0.0421	0.0000	0.0065	0.9942	-0.1075	0.0000	-0.0417	0.1077	0.9933	0.0000	1.5012	0.8220	1.1399	1.0000
185	0.9991	-0.0020	0.0413	0.0000	0.0065	0.9942	-0.1075	0.0000	-0.0409	0.1077	0.9933	0.0000	1.5018	0.8213	1.1393	1.0000
186	0.9990	0.0008	0.0449	0.0000	0.0045	0.9930	-0.1183	0.0000	-0.0447	0.1184	0.9920	0.0000	1.5101	0.8158	1.1426	1.0000
187	0.9988	0.0041	0.0487	0.0000	0.0022	0.9916	-0.1293	0.0000	-0.0488	0.1292	0.9904	0.0000	1.5181	0.8100	1.1462	1.0000
188	0.9988	0.0041	0.0487	0.0000	0.0022	0.9916	-0.1293	0.0000	-0.0488	0.1292	0.9904	0.0000	1.5181	0.8100	1.1462	1.0000
189	0.9986	0.0078	0.0519	0.0000	-0.0004	0.9901	-0.1402	0.0000	-0.0525	0.1400	0.9888	0.0000	1.5257	0.8041	1.1500	1.0000
190	0.9986	0.0078	0.0519	0.0000	-0.0004	0.9901	-0.1402	0.0000	-0.0525	0.1400	0.9888	0.0000	1.5257	0.8041	1.1500	1.0000
191	0.9987	0.0076	0.0512	0.0000	-0.0004	0.9901	-0.1401	0.0000	-0.0518	0.1399	0.9888	0.0000	1.5267	0.8037	1.1498	1.0000
192	0.9985	0.0119	0.0534	0.0000	-0.0037	0.9887	-0.1501	0.0000	-0.0546	0.1497	0.9872	0.0000	1.5338	0.7976	1.1537	1.0000
193	0.9984	0.0172	0.0547	0.0000	-0.0081	0.9869	-0.1611	0.0000	-0.0568	0.1604	0.9854	0.0000	1.5403	0.7913	1.1576	1.0000
194	0.9984	0.0172	0.0547	0.0000	-0.0081	0.9869	-0.1611	0.0000	-0.0568	0.1604	0.9854	0.0000	1.5403	0.7913	1.1576	1.0000
195	0.9982	0.0229	0.0555	0.0000	-0.0130	0.9848	-0.1733	0.0000	-0.0587	0.1722	0.9833	0.0000	1.5461	0.7847	1.1616	1.0000
196	0.9982	0.0229	0.0555	0.0000	-0.0130	0.9848	-0.1733	0.0000	-0.0587	0.1722	0.9833	0.0000	1.5461	0.7847	1.1616	1.0000
197	0.9981	0.0290	0.0552	0.0000	-0.0183	0.9826	-0.1848	0.0000	-0.0596	0.1835	0.9812	0.0000	1.5521	0.7763	1.1661	1.0000
198	0.9981	0.0290	0.0552	0.0000	-0.0183	0.9826	-0.1848	0.0000	-0.0596	0.1835	0.9812	0.0000	1.5521	0.7763	1.1661	1.0000
199	0.9979	0.0354	0.0545	0.0000	-0.0241	0.9803	-0.1959	0.0000	-0.0603	0.1941	0.9791	0.0000	1.5568	0.7694	1.1701	1.0000
200	0.9979	0.0354	0.0545	0.0000	-0.0241	0.9803	-0.1959	0.0000	-0.0603	0.1941	0.9791	0.0000	1.5568	0.7694	1.1701	1.0000
201	0.9977	0.0416	0.0537	0.0000	-0.0296	0.9778	-0.2075	0.0000	-0.0612	0.2054	0.9768	0.0000	1.5610	0.7624	1.1740	1.0000
202	0.9977	0.0416	0.0537	0.0000	-0.0296	0.9778	-0.2075	0.0000	-0.0612	0.2054	0.9768	0.0000	1.5610	0.7624	1.1740	1.0000
203	0.9977	0.0419	0.0529	0.0000	-0.0300	0.9778	-0.2075	0.0000	-0.0604	0.2054	0.9768	0.0000	1.5610	0.7624	1.1747	1.0000
204	0.9976	0.0470	0.0512	0.0000	-0.0349	0.9756	-0.2170	0.0000	-0.0601	0.2147	0.9748	0.0000	1.5646	0.7555	1.1788	1.0000
205	0.9975	0.0507	0.0486	0.0000	-0.0386	0.9738	-0.2239	0.0000	-0.0586	0.2215	0.9734	0.0000	1.5677	0.7488	1.1831	1.0000
206	0.9975	0.0507	0.0486	0.0000	-0.0386	0.9738	-0.2239	0.0000	-0.0586	0.2215	0.9734	0.0000	1.5677	0.7488	1.1831	1.0000
207	0.9975	0.0528	0.0459	0.0000	-0.0409	0.9720	-0.2312	0.0000	-0.0568	0.2288	0.9718	0.0000	1.5703	0.7421	1.1875	1.0000
208	0.9975	0.0528	0.0459	0.0000	-0.0409	0.9720	-0.2312	0.0000	-0.0568	0.2288	0.9718	0.0000	1.5703	0.7421	1.1875	1.0000
209	0.9976	0.0529	0.0454	0.0000	-0.0411	0.9721	-0.2310	0.0000	-0.0563	0.2286	0.9719	0.0000	1.5703	0.7420	1.1889	1.0000
210	0.9977	0.0534	0.0408	0.0000	-0.0424	0.9709	-0.2357	0.0000	-0.0522	0.2335	0.9710	0.0000	1.5724	0.7354	1.1935	1.0000
211	0.9979	0.0534	0.0356	0.0000	-0.0435	0.9706	-0.2366	0.0000	-0.0472	0.2346	0.9710	0.0000	1.5738	0.7289	1.1982	1.0000
212	0.9979	0.0534	0.0356	0.0000	-0.0435	0.9706	-0.2366	0.0000	-0.0472	0.2346	0.9710	0.0000	1.5738	0.7289	1.1982	1.0000
213	0.9980	0.0548	0.0308	0.0000	-0.0459	0.9702	-0.2381	0.0000	-0.0429	0.2362	0.9708	0.0000	1.5745	0.7225	1.2028	1.0000
214	0.9980	0.0548	0.0308	0.0000	-0.0459	0.9702	-0.2381	0.0000	-0.0429	0.2362	0.9708	0.0000	1.5745	0.7225	1.2028	1.0000
215	0.9981	0.0571	0.0237	0.0000	-0.0497	0.9695	-0.2400	0.0000	-0.0367	0.2383	0.9705	0.0000	1.5745	0.7157	1.2102	1.0000
216	0.9981	0.0571	0.0237	0.0000	-0.0497	0.9695	-0.2400	0.0000	-0.0367	0.2383	0.9705	0.0000	1.5745	0.7157	1.2102	1.0000
217	0.9981	0.0588	0.0167	0.0000	-0.0531	0.9691	-0.2408	0.0000	-0.0304	0.2395	0.9704	0.0000	1.5736	0.7093	1.2145	1.0000
218	0.9981	0.0588	0.0167	0.0000	-0.0531	0.9691	-0.2408	0.0000	-0.0304	0.2395	0.9704	0.0000	1.5736	0.7093	1.2145	1.0000
219	0.9981	0.0606	0.0071	0.0000	-0.0571	0.9686	-0.2421	0.0000	-0.0216	0.2412	0.9702	0.0000	1.5720	0.7027	1.2185	1.0000
220	0.9981	0.0606	0.0071	0.0000	-0.0571	0.9686	-0.2421	0.0000	-0.0216	0.2412	0.9702	0.0000	1.5720	0.7027	1.2185	1.0000
221	0.9980	0.0629	-0.0051	0.0000	-0.0622	0.9680	-0.2432	0.0000	-0.0104	0.2431	0.9700	0.0000	1.5701	0.6968	1.2246	1.0000
222	0.9980	0.0629	-0.0051	0.0000	-0.0622	0.9680	-0.2432	0.0000	-0.0104	0.2431	0.9700	0.0000	1.5701	0.6968	1.2246	1.0000
223	0.9977	0.0659	-0.0161	0.0000	-0.0678	0.9671	-0.2450	0.0000	-0.0006	0.2455	0.9694	0.0000	1.5668	0.6901	1.2287	1.0000
224	0.9977	0.0659	-0.0161	0.0000	-0.0678	0.9671	-0.2450	0.0000	-0.0006	0.2455	0.9694	0.0000	1.5668	0.6901	1.2287	1.0000
225	0.9972	0.0701	-0.0267	0.0000	-0.0745	0.9660	-0.2474	0.0000	0.0084	0.2487	0.9685	0.0000	1.5628	0.6831	1.2328	1.0000
226	0.9972	0.0701	-0.0267	0.0000	-0.0745	0.9660	-0.2474	0.0000	0.0084	0.2487	0.9685	0.0000	1.5628	0.6831	1.2328	1.0000
227	0.9966	0.0734	-0.0361	0.0000	-0.0802	0.9644	-0.2519	0.0000	0.0164	0.2539	0.9671	0.0000	1.5591	0.6753	1.2395	1.0000
228	0.9966	0.0734	-0.0361	0.0000	-0.0802	0.9644	-0.2519	0.0000	0.0164	0.2539	0.9671	0.0000	1.5591	0.6753	1.2395	1.0000
229	0.9962	0.0750	-0.0444	0.0000	-0.0839	0.9629	-0.2565	0.0000	0.0235	0.2592	0.9655	0.0000	1.5539	0.6681	1.2435	1.0000
230	0.9962	0.0750	-0.0444	0.0000	-0.0839	0.9629	-0.2565	0.0000	0.0235	0.2592	0.9655	0.0000	1.5539	0.6681	1.2435	1.0000
231	0.9956	0.0773	-0.0534	0.0000	-0.0886	0.9617	-0.2595	0.0000	0.0313	0.2630	0.9643	0.0000	1.5480	0.6613	1.2475	1.0000
232	0.9947	0.0806	-0.0637	0.0000	-0.0946	0.9607	-0.2609	0.0000	0.0402	0.2655	0.9633	0.0000	1.5436	0.6539	1.2548	1.0000
233	0.9947	0.0806	-0.0637	0.0000	-0.0946	0.9607	-0.2609	0.0000	0.0402	0.2655	0.9633	0.0000	1.5436	0.6539	1.2548	1.0000
234	0.9947	0.0806	-0.0637	0.0000	-0.0946	0.9607	-0.2609	0.0000	0.0402	0.2655	0.9633	0.0000	1.5436	0.6539	1.2548	1.0000
235	0.9936	0.0838	-0.0756	0.0000	-0.1008	0.9599	-0.2617	0.0000	0.0506	0.2677	0.9622	0.0000	1.5367	0.6484	1.2586	1.0000
236	0.9924	0.0849	-0.0890	0.0000	-0.1055	0.9594	-0.2615	0.0000	0.0632	0.2689	0.9611	0.0000	1.5293	0.6434	1.2621	1.0000
237	0.9924	0.0849	-0.0890	0.0000	-0.1055	0.9594	-0.2615	0.0000	0.0632	0.2689	0.9611	0.0000	1.5293	0.6434	1.2621	1.0000
238	0.9924	0.0849	-0.0890	0.0000	-0.1055	0.9594	-0.2615	0.0000	0.0632	0.2689	0.9611	0.0000	1.5293	0.6434	1.2621	1.0000
239	0.9909	0.0844	-0.1044	0.0000	-0.1091	0.9595	-0.2598	0.0000	0.0782	0.2688	0.9600	0.0000	1.5216	0.6395	1.2670	1.0000
240	0.9892	0.0833	-0.1205	0.0000	-0.1123	0.9595	-0.2583	0.0000	0.0941	0.2690	0.9585	0.0000	1.5130	0.6358	1.2702	1.0000
241	0.9892	0.0833	-0.1205	0.0000	-0.1123	0.9595	-0.2583	0.0000	0.0941	0.2690	0.9585	0.0000	1.5130	0.6358	1.2702	1.0000
242	0.9873	0.0813	-0.1364	0.0000	-0.1145	0.9597	-0.2566	0.0000	0.1100	0.2689	0.9569	0.0000	1.5040	0.6326	1.2730	1.0000
243	0.9873	0.0813	-0.1364	0.0000	-0.1145	0.9597	-0.2566	0.0000	0.1100	0.2689	0.9569	0.0000	1.5040	0.6326	1.2730	1.0000
244	0.9851	0.0788	-0.1531	0.0000	-0.1161	0.9604	-0.2533	0.0000	0.1271	0.2673	0.9552	0.0000	1.4945	0.6301	1.2756	1.0000
245	0.9851	0.0786	-0.1533	0.0000	-0.1160	0.9605	-0.2530	0.0000	0.1273	0.2670	0.9553	0.0000	1.4949	0.6297	1.2781	1.0000
246	0.9851	0.0786	-0.1533	0.0000	-0.1160	0.9605	-0.2530	0.0000	0.1273	0.2670	0.9553	0.0000	1.4949	0.6297	1.2781	1.0000
247	0.9825	0.0760	-0.1701	0.0000	-0.1175	0.9613	-0.2493	0.0000	0.1446	0.2649	0.9534	0.0000	1.4851	0.6277	1.2804	1.0000
248	0.9796	0.0729	-0.1875	0.0000	-0.1185	0.9622	-0.2451	0.0000	0.1625	0.2623	0.9512	0.0000	1.4751	0.6264	1.2822	1.0000
249	0.9796	0.0729	-0.1875	0.0000	-0.1185	0.9622	-0.2451	0.0000	0.1625	0.2623	0.9512	0.0000	1.4751	0.6264	1.2822	1.0000
250	0.9755	0.0695	-0.2086	0.0000	-0.1196	0.9638	-0.2382	0.0000	0.1846	0.2573	0.9485	0.0000	1.4636	0.6256	1.2838	1.0000
251	0.9755	0.0693	-0.2088	0.0000	-0.1194	0.9639	-0.2379	0.0000	0.1847	0.2570	0.9486	0.0000	1.4635	0.6257	1.2877	1.0000
252	0.9715	0.0668	-0.2273	0.0000	-0.1205	0.9653	-0.2315	0.0000	0.2040	0.2523	0.9459	0.0000	1.4531	0.6256	1.2892	1.0000
253	0.9715	0.0668	-0.2273	0.0000	-0.1205	0.9653	-0.2315	0.0000	0.2040	0.2523	0.9459	0.0000	1.4531	0.6256	1.2892	1.0000
254	0.9672	0.0644	-0.2458	0.0000	-0.1217	0.9666	-0.2256	0.0000	0.2230	0.2481	0.9427	0.0000	1.4428	0.6260	1.2903	1.0000
255	0.9672	0.0644	-0.2458	0.0000	-0.1217	0.9666	-0.2256	0.0000	0.2230	0.2481	0.9427	0.0000	1.4428	0.6260	1.2903	1.0000
256	0.9624	0.0623	-0.2643	0.0000	-0.1227	0.9681	-0.2185	0.0000	0.2422	0.2427	0.9394	0.0000	1.4324	0.6267	1.2913	1.0000
257	0.9624	0.0622	-0.2643	0.0000	-0.1226	0.9681	-0.2184	0.0000	0.2423	0.2426	0.9394	0.0000	1.4326	0.6268	1.2927	1.0000
258	0.9576	0.0605	-0.2818	0.0000	-0.1236	0.9695	-0.2117	0.0000	0.2604	0.2375	0.9358	0.0000	1.4224	0.6279	1.2937	1.0000
259	0.9576	0.0605	-0.2818	0.0000	-0.1236	0.9695	-0.2117	0.0000	0.2604	0.2375	0.9358	0.0000	1.4224	0.6279	1.2937	1.0000
260	0.9527	0.0592	-0.2982	0.0000	-0.1247	0.9707	-0.2057	0.0000	0.2772	0.2331	0.9321	0.0000	1.4124	0.6293	1.2945	1.0000
261	0.9527	0.0592	-0.2982	0.0000	-0.1247	0.9707	-0.2057	0.0000	0.2772	0.2331	0.9321	0.0000	1.4124	0.6293	1.2945	1.0000
262	0.9477	0.0581	-0.3137	0.0000	-0.1255	0.9719	-0.1993	0.0000	0.2933	0.2283	0.9284	0.0000	1.4033	0.6313	1.2960	1.0000
263	0.9477	0.0581	-0.3137	0.0000	-0.1255	0.9719	-0.1993	0.0000	0.2933	0.2283	0.9284	0.0000	1.4033	0.6313	1.2960	1.0000
264	0.9429	0.0571	-0.3283	0.0000	-0.1262	0.9730	-0.1934	0.0000	0.3084	0.2238	0.9246	0.0000	1.3937	0.6331	1.2965	1.0000
265	0.9429	0.0571	-0.3283	0.0000	-0.1262	0.9730	-0.1934	0.0000	0.3084	0.2238	0.9246	0.0000	1.3937	0.6331	1.2965	1.0000
266	0.9382	0.0566	-0.3416	0.0000	-0.1270	0.9741	-0.1872	0.0000	0.3221	0.2190	0.9210	0.0000	1.3844	0.6351	1.2969	1.0000
267	0.9382	0.0566	-0.3416	0.0000	-0.1270	0.9741	-0.1872	0.0000	0.3221	0.2190	0.9210	0.0000	1.3844	0.6351	1.2969	1.0000
268	0.9337	0.0574	-0.3535	0.0000	-0.1284	0.9751	-0.1808	0.0000	0.3343	0.2142	0.9178	0.0000	1.3753	0.6372	1.2971	1.0000
269	0.9337	0.0574	-0.3534	0.0000	-0.1284	0.9751	-0.1808	0.0000	0.3342	0.2142	0.9178	0.0000	1.3759	0.6378	1.2975	1.0000
270	0.9291	0.0584	-0.3653	0.0000	-0.1300	0.9760	-0.1747	0.0000	0.3463	0.2098	0.9144	0.0000	1.3670	0.6399	1.2976	1.0000
271	0.9291	0.0584	-0.3653	0.0000	-0.1300	0.9760	-0.1747	0.0000	0.3463	0.2098	0.9144	0.0000	1.3670	0.6399	1.2976	1.0000
272	0.9243	0.0590	-0.3771	0.0000	-0.1313	0.9768	-0.1690	0.0000	0.3584	0.2057	0.9106	0.0000	1.3583	0.6420	1.2975	1.0000
273	0.9243	0.0590	-0.3771	0.0000	-0.1313	0.9768	-0.1690	0.0000	0.3584	0.2057	0.9106	0.0000	1.3583	0.6420	1.2975	1.0000
274	0.9196	0.0595	-0.3884	0.0000	-0.1328	0.9774	-0.1647	0.0000	0.3698	0.2031	0.9066	0.0000	1.3497	0.6439	1.2971	1.0000
275	0.9196	0.0595	-0.3883	0.0000	-0.1328	0.9774	-0.1646	0.0000	0.3697	0.2029	0.9067	0.0000	1.3501	0.6444	1.2985	1.0000
276	0.9147	0.0594	-0.3997	0.0000	-0.1339	0.9779	-0.1609	0.0000	0.3813	0.2007	0.9024	0.0000	1.3416	0.6462	1.2981	1.0000
277	0.9147	0.0594	-0.3997	0.0000	-0.1339	0.9779	-0.1609	0.0000	0.3813	0.2007	0.9024	0.0000	1.3416	0.6462	1.2981	1.0000
278	0.9097	0.0593	-0.4109	0.0000	-0.1345	0.9784	-0.1568	0.0000	0.3928	0.1979	0.8981	0.0000	1.3332	0.6480	1.2977	1.0000
279	0.9097	0.0593	-0.4109	0.0000	-0.1345	0.9784	-0.1568	0.0000	0.3928	0.1979	0.8981	0.0000	1.3332	0.6480	1.2977	1.0000
280	0.9052	0.0602	-0.4207	0.0000	-0.1363	0.9787	-0.1534	0.0000	0.4025	0.1962	0.8942	0.0000	1.3247	0.6497	1.2972	1.0000
281	0.9054	0.0602	-0.4204	0.0000	-0.1363	0.9787	-0.1533	0.0000	0.4022	0.1961	0.8943	0.0000	1.3251	0.6490	1.2970	1.0000
282	0.9011	0.0613	-0.4292	0.0000	-0.1384	0.9788	-0.1509	0.0000	0.4108	0.1954	0.8905	0.0000	1.3167	0.6505	1.2963	1.0000
283	0.9011	0.0613	-0.4292	0.0000	-0.1384	0.9788	-0.1509	0.0000	0.4108	0.1954	0.8905	0.0000	1.3167	0.6505	1.2963	1.0000
284	0.8970	0.0618	-0.4377	0.0000	-0.1403	0.9788	-0.1491	0.0000	0.4192	0.1952	0.8867	0.0000	1.3082	0.6519	1.2954	1.0000
285	0.8970	0.0618	-0.4377	0.0000	-0.1403	0.9788	-0.1491	0.0000	0.4192	0.1952	0.8867	0.0000	1.3082	0.6519	1.2954	1.0000
286	0.8927	0.0618	-0.4464	0.0000	-0.1415	0.9789	-0.1474	0.0000	0.4278	0.1948	0.8826	0.0000	1.2998	0.6532	1.2943	1.0000
287	0.8927	0.0618	-0.4464	0.0000	-0.1415	0.9789	-0.1474	0.0000	0.4278	0.1948	0.8826	0.0000	1.2998	0.6532	1.2943	1.0000
