0	0.7711	0.1112	-0.6269	0.0000	-0.1467	0.9892	-0.0051	0.0000	0.6196	0.0959	0.7791	0.0000	1.7624	0.5895	1.3057	1.0000
1	0.7711	0.1112	-0.6269	0.0000	-0.1467	0.9892	-0.0051	0.0000	0.6196	0.0959	0.7791	0.0000	1.7624	0.5895	1.3057	1.0000
2	0.7732	0.1081	-0.6249	0.0000	-0.1491	0.9887	-0.0135	0.0000	0.6164	0.1036	0.7806	0.0000	1.7697	0.5892	1.2969	1.0000
3	0.7735	0.1080	-0.6245	0.0000	-0.1490	0.9887	-0.0135	0.0000	0.6160	0.1035	0.7809	0.0000	1.7692	0.5881	1.2964	1.0000
4	0.7769	0.1059	-0.6207	0.0000	-0.1495	0.9886	-0.0184	0.0000	0.6116	0.1071	0.7839	0.0000	1.7764	0.5878	1.2882	1.0000
5	0.7769	0.1059	-0.6207	0.0000	-0.1495	0.9886	-0.0184	0.0000	0.6116	0.1071	0.7839	0.0000	1.7764	0.5878	1.2882	1.0000
6	0.7798	0.1024	-0.6176	0.0000	-0.1453	0.9892	-0.0194	0.0000	0.6090	0.1049	0.7862	0.0000	1.7835	0.5876	1.2808	1.0000
7	0.7798	0.1024	-0.6176	0.0000	-0.1453	0.9892	-0.0194	0.0000	0.6090	0.1049	0.7862	0.0000	1.7835	0.5876	1.2808	1.0000
8	0.7823	0.0967	-0.6153	0.0000	-0.1416	0.9896	-0.0246	0.0000	0.6066	0.1064	0.7879	0.0000	1.7903	0.5873	1.2735	1.0000
9	0.7826	0.0967	-0.6149	0.0000	-0.1416	0.9896	-0.0247	0.0000	0.6061	0.1064	0.7882	0.0000	1.7889	0.5870	1.2728	1.0000
10	0.7879	0.0930	-0.6087	0.0000	-0.1398	0.9897	-0.0298	0.0000	0.5997	0.1086	0.7928	0.0000	1.7955	0.5868	1.2658	1.0000
11	0.7879	0.0930	-0.6087	0.0000	-0.1398	0.9897	-0.0298	0.0000	0.5997	0.1086	0.7928	0.0000	1.7955	0.5868	1.2658	1.0000
12	0.7955	0.0908	-0.5991	0.0000	-0.1378	0.9899	-0.0329	0.0000	0.5901	0.1087	0.8000	0.0000	1.8020	0.5867	1.2591	1.0000
13	0.7955	0.0908	-0.5991	0.0000	-0.1378	0.9899	-0.0329	0.0000	0.5901	0.1087	0.8000	0.0000	1.8020	0.5867	1.2591	1.0000
14	0.8037	0.0894	-0.5883	0.0000	-0.1370	0.9899	-0.0366	0.0000	0.5791	0.1100	0.8078	0.0000	1.8086	0.5867	1.2520	1.0000
15	0.8039	0.0894	-0.5880	0.0000	-0.1369	0.9899	-0.0366	0.0000	0.5788	0.1100	0.8080	0.0000	1.8088	0.5877	1.2520	1.0000
16	0.8105	0.0891	-0.5789	0.0000	-0.1371	0.9898	-0.0396	0.0000	0.5694	0.1115	0.8145	0.0000	1.8154	0.5880	1.2446	1.0000
17	0.8105	0.0891	-0.5789	0.0000	-0.1371	0.9898	-0.0396	0.0000	0.5694	0.1115	0.8145	0.0000	1.8154	0.5880	1.2446	1.0000
18	0.8105	0.0891	-0.5789	0.0000	-0.1371	0.9898	-0.0396	0.0000	0.5694	0.1115	0.8145	0.0000	1.8154	0.5880	1.2446	1.0000
19	0.8145	0.0910	-0.5730	0.0000	-0.1387	0.9895	-0.0400	0.0000	0.5634	0.1120	0.8186	0.0000	1.8219	0.5884	1.2369	1.0000
20	0.8159	0.0945	-0.5705	0.0000	-0.1409	0.9893	-0.0377	0.0000	0.5608	0.1112	0.8204	0.0000	1.8282	0.5889	1.2292	1.0000
21	0.8158	0.0947	-0.5705	0.0000	-0.1411	0.9893	-0.0375	0.0000	0.5608	0.1111	0.8205	0.0000	1.8265	0.5888	1.2297	1.0000
22	0.8156	0.0973	-0.5704	0.0000	-0.1428	0.9891	-0.0356	0.0000	0.5607	0.1105	0.8206	0.0000	1.8325	0.5891	1.2220	1.0000
23	0.8156	0.0973	-0.5704	0.0000	-0.1428	0.9891	-0.0356	0.0000	0.5607	0.1105	0.8206	0.0000	1.8325	0.5891	1.2220	1.0000
24	0.8154	0.0975	-0.5706	0.0000	-0.1428	0.9891	-0.0351	0.0000	0.5610	0.1102	0.8205	0.0000	1.8381	0.5890	1.2146	1.0000
25	0.8154	0.0975	-0.5706	0.0000	-0.1428	0.9891	-0.0351	0.0000	0.5610	0.1102	0.8205	0.0000	1.8381	0.5890	1.2146	1.0000
26	0.8164	0.0956	-0.5695	0.0000	-0.1418	0.9892	-0.0372	0.0000	0.5598	0.1111	0.8212	0.0000	1.8415	0.5884	1.2080	1.0000
27	0.8164	0.0956	-0.5695	0.0000	-0.1418	0.9892	-0.0372	0.0000	0.5598	0.1111	0.8212	0.0000	1.8415	0.5884	1.2080	1.0000
28	0.8194	0.0925	-0.5657	0.0000	-0.1408	0.9891	-0.0422	0.0000	0.5557	0.1142	0.8235	0.0000	1.8460	0.5876	1.2006	1.0000
29	0.8194	0.0925	-0.5657	0.0000	-0.1408	0.9891	-0.0422	0.0000	0.5557	0.1142	0.8235	0.0000	1.8460	0.5876	1.2006	1.0000
30	0.8236	0.0894	-0.5602	0.0000	-0.1398	0.9890	-0.0477	0.0000	0.5497	0.1176	0.8270	0.0000	1.8501	0.5866	1.1931	1.0000
31	0.8236	0.0894	-0.5602	0.0000	-0.1398	0.9890	-0.0477	0.0000	0.5497	0.1176	0.8270	0.0000	1.8501	0.5866	1.1931	1.0000
32	0.8273	0.0865	-0.5551	0.0000	-0.1385	0.9890	-0.0522	0.0000	0.5445	0.1200	0.8301	0.0000	1.8539	0.5858	1.1855	1.0000
33	0.8273	0.0867	-0.5551	0.0000	-0.1386	0.9890	-0.0521	0.0000	0.5445	0.1200	0.8302	0.0000	1.8533	0.5854	1.1860	1.0000
34	0.8301	0.0850	-0.5511	0.0000	-0.1383	0.9888	-0.0557	0.0000	0.5402	0.1225	0.8326	0.0000	1.8567	0.5846	1.1780	1.0000
35	0.8301	0.0850	-0.5511	0.0000	-0.1383	0.9888	-0.0557	0.0000	0.5402	0.1225	0.8326	0.0000	1.8567	0.5846	1.1780	1.0000
36	0.8326	0.0848	-0.5473	0.0000	-0.1391	0.9886	-0.0584	0.0000	0.5361	0.1248	0.8349	0.0000	1.8599	0.5839	1.1697	1.0000
37	0.8326	0.0848	-0.5473	0.0000	-0.1391	0.9886	-0.0584	0.0000	0.5361	0.1248	0.8349	0.0000	1.8599	0.5839	1.1697	1.0000
38	0.8347	0.0851	-0.5440	0.0000	-0.1404	0.9882	-0.0610	0.0000	0.5324	0.1273	0.8369	0.0000	1.8628	0.5832	1.1609	1.0000
39	0.8349	0.0853	-0.5437	0.0000	-0.1405	0.9882	-0.0608	0.0000	0.5321	0.1272	0.8370	0.0000	1.8616	0.5816	1.1612	1.0000
40	0.8366	0.0852	-0.5412	0.0000	-0.1416	0.9879	-0.0634	0.0000	0.5292	0.1296	0.8385	0.0000	1.8642	0.5808	1.1519	1.0000
41	0.8366	0.0852	-0.5412	0.0000	-0.1416	0.9879	-0.0634	0.0000	0.5292	0.1296	0.8385	0.0000	1.8642	0.5808	1.1519	1.0000
42	0.8381	0.0849	-0.5390	0.0000	-0.1421	0.9877	-0.0654	0.0000	0.5268	0.1314	0.8398	0.0000	1.8668	0.5799	1.1421	1.0000
43	0.8381	0.0849	-0.5390	0.0000	-0.1421	0.9877	-0.0654	0.0000	0.5268	0.1314	0.8398	0.0000	1.8668	0.5799	1.1421	1.0000
44	0.8398	0.0847	-0.5363	0.0000	-0.1422	0.9876	-0.0667	0.0000	0.5240	0.1322	0.8414	0.0000	1.8694	0.5790	1.1318	1.0000
45	0.8399	0.0849	-0.5361	0.0000	-0.1423	0.9876	-0.0665	0.0000	0.5238	0.1321	0.8415	0.0000	1.8678	0.5779	1.1330	1.0000
46	0.8420	0.0849	-0.5328	0.0000	-0.1423	0.9875	-0.0675	0.0000	0.5205	0.1326	0.8435	0.0000	1.8702	0.5768	1.1222	1.0000
47	0.8420	0.0849	-0.5328	0.0000	-0.1423	0.9875	-0.0675	0.0000	0.5205	0.1326	0.8435	0.0000	1.8702	0.5768	1.1222	1.0000
48	0.8445	0.0848	-0.5288	0.0000	-0.1417	0.9876	-0.0680	0.0000	0.5165	0.1323	0.8460	0.0000	1.8726	0.5757	1.1108	1.0000
49	0.8471	0.0843	-0.5247	0.0000	-0.1406	0.9877	-0.0683	0.0000	0.5125	0.1316	0.8486	0.0000	1.8749	0.5744	1.0985	1.0000
50	0.8471	0.0843	-0.5247	0.0000	-0.1406	0.9877	-0.0683	0.0000	0.5125	0.1316	0.8486	0.0000	1.8749	0.5744	1.0985	1.0000
51	0.8472	0.0844	-0.5245	0.0000	-0.1407	0.9877	-0.0683	0.0000	0.5123	0.1316	0.8487	0.0000	1.8748	0.5753	1.0998	1.0000
52	0.8497	0.0834	-0.5206	0.0000	-0.1396	0.9878	-0.0696	0.0000	0.5084	0.1318	0.8509	0.0000	1.8769	0.5740	1.0868	1.0000
53	0.8520	0.0825	-0.5170	0.0000	-0.1387	0.9878	-0.0711	0.0000	0.5048	0.1323	0.8530	0.0000	1.8787	0.5729	1.0749	1.0000
54	0.8520	0.0825	-0.5170	0.0000	-0.1387	0.9878	-0.0711	0.0000	0.5048	0.1323	0.8530	0.0000	1.8787	0.5729	1.0749	1.0000
55	0.8549	0.0820	-0.5123	0.0000	-0.1380	0.9878	-0.0722	0.0000	0.5001	0.1325	0.8558	0.0000	1.8806	0.5716	1.0609	1.0000
56	0.8549	0.0820	-0.5123	0.0000	-0.1380	0.9878	-0.0722	0.0000	0.5001	0.1325	0.8558	0.0000	1.8806	0.5716	1.0609	1.0000
57	0.8550	0.0821	-0.5121	0.0000	-0.1381	0.9878	-0.0721	0.0000	0.4999	0.1323	0.8559	0.0000	1.8797	0.5718	1.0625	1.0000
58	0.8579	0.0832	-0.5070	0.0000	-0.1380	0.9878	-0.0715	0.0000	0.4949	0.1314	0.8590	0.0000	1.8815	0.5708	1.0481	1.0000
59	0.8604	0.0850	-0.5025	0.0000	-0.1387	0.9878	-0.0704	0.0000	0.4904	0.1303	0.8617	0.0000	1.8831	0.5698	1.0332	1.0000
60	0.8604	0.0850	-0.5025	0.0000	-0.1387	0.9878	-0.0704	0.0000	0.4904	0.1303	0.8617	0.0000	1.8831	0.5698	1.0332	1.0000
61	0.8617	0.0865	-0.5000	0.0000	-0.1393	0.9878	-0.0690	0.0000	0.4879	0.1291	0.8633	0.0000	1.8844	0.5690	1.0177	1.0000
62	0.8617	0.0865	-0.5000	0.0000	-0.1393	0.9878	-0.0690	0.0000	0.4879	0.1291	0.8633	0.0000	1.8844	0.5690	1.0177	1.0000
63	0.8617	0.0866	-0.4999	0.0000	-0.1393	0.9878	-0.0689	0.0000	0.4879	0.1290	0.8633	0.0000	1.8844	0.5694	1.0187	1.0000
64	0.8626	0.0877	-0.4983	0.0000	-0.1392	0.9880	-0.0670	0.0000	0.4865	0.1271	0.8644	0.0000	1.8856	0.5688	1.0028	1.0000
65	0.8638	0.0885	-0.4960	0.0000	-0.1386	0.9882	-0.0650	0.0000	0.4844	0.1249	0.8659	0.0000	1.8868	0.5683	0.9866	1.0000
66	0.8638	0.0885	-0.4960	0.0000	-0.1386	0.9882	-0.0650	0.0000	0.4844	0.1249	0.8659	0.0000	1.8868	0.5683	0.9866	1.0000
67	0.8648	0.0883	-0.4943	0.0000	-0.1385	0.9882	-0.0657	0.0000	0.4826	0.1253	0.8668	0.0000	1.8878	0.5679	0.9698	1.0000
68	0.8648	0.0883	-0.4943	0.0000	-0.1385	0.9882	-0.0657	0.0000	0.4826	0.1253	0.8668	0.0000	1.8878	0.5679	0.9698	1.0000
69	0.8649	0.0885	-0.4941	0.0000	-0.1386	0.9882	-0.0655	0.0000	0.4825	0.1252	0.8669	0.0000	1.8876	0.5677	0.9711	1.0000
70	0.8647	0.0879	-0.4946	0.0000	-0.1391	0.9880	-0.0676	0.0000	0.4827	0.1273	0.8665	0.0000	1.8883	0.5675	0.9538	1.0000
71	0.8636	0.0878	-0.4965	0.0000	-0.1405	0.9876	-0.0697	0.0000	0.4843	0.1300	0.8652	0.0000	1.8890	0.5674	0.9360	1.0000
72	0.8636	0.0878	-0.4965	0.0000	-0.1405	0.9876	-0.0697	0.0000	0.4843	0.1300	0.8652	0.0000	1.8890	0.5674	0.9360	1.0000
73	0.8632	0.0888	-0.4969	0.0000	-0.1425	0.9872	-0.0713	0.0000	0.4842	0.1324	0.8649	0.0000	1.8898	0.5675	0.9182	1.0000
74	0.8632	0.0888	-0.4969	0.0000	-0.1425	0.9872	-0.0713	0.0000	0.4842	0.1324	0.8649	0.0000	1.8898	0.5675	0.9182	1.0000
75	0.8643	0.0898	-0.4949	0.0000	-0.1438	0.9870	-0.0722	0.0000	0.4819	0.1335	0.8660	0.0000	1.8899	0.5672	0.9017	1.0000
76	0.8643	0.0898	-0.4949	0.0000	-0.1438	0.9870	-0.0722	0.0000	0.4819	0.1335	0.8660	0.0000	1.8899	0.5672	0.9017	1.0000
77	0.8663	0.0879	-0.4917	0.0000	-0.1427	0.9869	-0.0750	0.0000	0.4787	0.1352	0.8675	0.0000	1.8912	0.5672	0.8838	1.0000
78	0.8663	0.0879	-0.4917	0.0000	-0.1427	0.9869	-0.0750	0.0000	0.4787	0.1352	0.8675	0.0000	1.8912	0.5672	0.8838	1.0000
79	0.8693	0.0838	-0.4872	0.0000	-0.1407	0.9867	-0.0813	0.0000	0.4739	0.1393	0.8695	0.0000	1.8930	0.5667	0.8658	1.0000
80	0.8693	0.0838	-0.4872	0.0000	-0.1407	0.9867	-0.0813	0.0000	0.4739	0.1393	0.8695	0.0000	1.8930	0.5667	0.8658	1.0000
81	0.8731	0.0794	-0.4810	0.0000	-0.1391	0.9862	-0.0896	0.0000	0.4673	0.1451	0.8721	0.0000	1.8946	0.5658	0.8492	1.0000
82	0.8731	0.0794	-0.4810	0.0000	-0.1391	0.9862	-0.0896	0.0000	0.4673	0.1451	0.8721	0.0000	1.8946	0.5658	0.8492	1.0000
83	0.8765	0.0743	-0.4756	0.0000	-0.1365	0.9858	-0.0976	0.0000	0.4616	0.1505	0.8742	0.0000	1.8975	0.5648	0.8316	1.0000
84	0.8765	0.0743	-0.4756	0.0000	-0.1365	0.9858	-0.0976	0.0000	0.4616	0.1505	0.8742	0.0000	1.8975	0.5648	0.8316	1.0000
85	0.8794	0.0687	-0.4711	0.0000	-0.1332	0.9855	-0.1049	0.0000	0.4571	0.1550	0.8758	0.0000	1.9011	0.5636	0.8143	1.0000
86	0.8794	0.0687	-0.4711	0.0000	-0.1332	0.9855	-0.1049	0.0000	0.4571	0.1550	0.8758	0.0000	1.9011	0.5636	0.8143	1.0000
87	0.8823	0.0634	-0.4664	0.0000	-0.1304	0.9850	-0.1129	0.0000	0.4523	0.1604	0.8773	0.0000	1.9067	0.5604	0.7987	1.0000
88	0.8823	0.0634	-0.4664	0.0000	-0.1304	0.9850	-0.1129	0.0000	0.4523	0.1604	0.8773	0.0000	1.9067	0.5604	0.7987	1.0000
89	0.8854	0.0589	-0.4611	0.0000	-0.1285	0.9843	-0.1211	0.0000	0.4467	0.1665	0.8790	0.0000	1.9117	0.5590	0.7819	1.0000
90	0.8854	0.0589	-0.4611	0.0000	-0.1285	0.9843	-0.1211	0.0000	0.4467	0.1665	0.8790	0.0000	1.9117	0.5590	0.7819	1.0000
91	0.8882	0.0545	-0.4562	0.0000	-0.1257	0.9839	-0.1271	0.0000	0.4419	0.1703	0.8808	0.0000	1.9173	0.5577	0.7651	1.0000
92	0.8911	0.0494	-0.4512	0.0000	-0.1210	0.9839	-0.1312	0.0000	0.4374	0.1715	0.8827	0.0000	1.9237	0.5564	0.7482	1.0000
93	0.8911	0.0494	-0.4510	0.0000	-0.1209	0.9840	-0.1311	0.0000	0.4373	0.1714	0.8828	0.0000	1.9231	0.5559	0.7489	1.0000
94	0.8949	0.0437	-0.4441	0.0000	-0.1153	0.9840	-0.1356	0.0000	0.4311	0.1726	0.8857	0.0000	1.9301	0.5546	0.7315	1.0000
95	0.8949	0.0437	-0.4441	0.0000	-0.1153	0.9840	-0.1356	0.0000	0.4311	0.1726	0.8857	0.0000	1.9301	0.5546	0.7315	1.0000
96	0.8949	0.0437	-0.4441	0.0000	-0.1153	0.9840	-0.1356	0.0000	0.4311	0.1726	0.8857	0.0000	1.9301	0.5546	0.7315	1.0000
97	0.8993	0.0377	-0.4356	0.0000	-0.1087	0.9843	-0.1391	0.0000	0.4235	0.1724	0.8893	0.0000	1.9377	0.5533	0.7137	1.0000
98	0.8993	0.0377	-0.4356	0.0000	-0.1087	0.9843	-0.1391	0.0000	0.4235	0.1724	0.8893	0.0000	1.9377	0.5533	0.7137	1.0000
99	0.9039	0.0327	-0.4265	0.0000	-0.1021	0.9848	-0.1409	0.0000	0.4154	0.1709	0.8934	0.0000	1.9452	0.5522	0.7001	1.0000
100	0.9039	0.0327	-0.4265	0.0000	-0.1021	0.9848	-0.1409	0.0000	0.4154	0.1709	0.8934	0.0000	1.9452	0.5522	0.7001	1.0000
101	0.9079	0.0291	-0.4181	0.0000	-0.0968	0.9852	-0.1417	0.0000	0.4078	0.1692	0.8973	0.0000	1.9542	0.5509	0.6817	1.0000
102	0.9113	0.0276	-0.4108	0.0000	-0.0936	0.9855	-0.1414	0.0000	0.4010	0.1673	0.9007	0.0000	1.9639	0.5496	0.6627	1.0000
103	0.9113	0.0276	-0.4108	0.0000	-0.0936	0.9855	-0.1414	0.0000	0.4010	0.1673	0.9007	0.0000	1.9639	0.5496	0.6627	1.0000
104	0.9113	0.0276	-0.4108	0.0000	-0.0936	0.9855	-0.1414	0.0000	0.4010	0.1673	0.9007	0.0000	1.9639	0.5496	0.6627	1.0000
105	0.9139	0.0289	-0.4049	0.0000	-0.0932	0.9858	-0.1399	0.0000	0.3951	0.1656	0.9036	0.0000	1.9733	0.5494	0.6460	1.0000
106	0.9139	0.0289	-0.4049	0.0000	-0.0932	0.9858	-0.1399	0.0000	0.3951	0.1656	0.9036	0.0000	1.9733	0.5494	0.6460	1.0000
107	0.9161	0.0324	-0.3997	0.0000	-0.0947	0.9860	-0.1370	0.0000	0.3897	0.1634	0.9064	0.0000	1.9839	0.5486	0.6263	1.0000
108	0.9161	0.0324	-0.3997	0.0000	-0.0947	0.9860	-0.1370	0.0000	0.3897	0.1634	0.9064	0.0000	1.9839	0.5486	0.6263	1.0000
109	0.9180	0.0367	-0.3949	0.0000	-0.0966	0.9864	-0.1328	0.0000	0.3847	0.1601	0.9091	0.0000	1.9949	0.5481	0.6063	1.0000
110	0.9198	0.0417	-0.3901	0.0000	-0.0992	0.9867	-0.1285	0.0000	0.3796	0.1569	0.9117	0.0000	2.0064	0.5489	0.5854	1.0000
111	0.9198	0.0417	-0.3901	0.0000	-0.0992	0.9867	-0.1285	0.0000	0.3796	0.1569	0.9117	0.0000	2.0064	0.5489	0.5854	1.0000
112	0.9198	0.0417	-0.3901	0.0000	-0.0992	0.9867	-0.1285	0.0000	0.3796	0.1569	0.9117	0.0000	2.0064	0.5489	0.5854	1.0000
113	0.9215	0.0461	-0.3856	0.0000	-0.1026	0.9865	-0.1274	0.0000	0.3746	0.1570	0.9138	0.0000	2.0168	0.5487	0.5672	1.0000
114	0.9233	0.0490	-0.3809	0.0000	-0.1051	0.9862	-0.1279	0.0000	0.3694	0.1581	0.9157	0.0000	2.0291	0.5485	0.5459	1.0000
115	0.9233	0.0490	-0.3809	0.0000	-0.1051	0.9862	-0.1279	0.0000	0.3694	0.1581	0.9157	0.0000	2.0291	0.5485	0.5459	1.0000
116	0.9249	0.0493	-0.3771	0.0000	-0.1069	0.9853	-0.1332	0.0000	0.3650	0.1634	0.9166	0.0000	2.0412	0.5478	0.5246	1.0000
117	0.9249	0.0493	-0.3771	0.0000	-0.1069	0.9853	-0.1332	0.0000	0.3650	0.1634	0.9166	0.0000	2.0412	0.5478	0.5246	1.0000
118	0.9268	0.0492	-0.3724	0.0000	-0.1106	0.9832	-0.1454	0.0000	0.3590	0.1759	0.9166	0.0000	2.0535	0.5478	0.5028	1.0000
119	0.9268	0.0492	-0.3724	0.0000	-0.1106	0.9832	-0.1454	0.0000	0.3590	0.1759	0.9166	0.0000	2.0535	0.5478	0.5028	1.0000
120	0.9287	0.0504	-0.3675	0.0000	-0.1136	0.9818	-0.1525	0.0000	0.3531	0.1834	0.9174	0.0000	2.0660	0.5487	0.4819	1.0000
121	0.9287	0.0504	-0.3675	0.0000	-0.1136	0.9818	-0.1525	0.0000	0.3531	0.1834	0.9174	0.0000	2.0660	0.5487	0.4819	1.0000
122	0.9297	0.0524	-0.3645	0.0000	-0.1141	0.9821	-0.1497	0.0000	0.3501	0.1808	0.9191	0.0000	2.0787	0.5501	0.4622	1.0000
123	0.9296	0.0527	-0.3648	0.0000	-0.1143	0.9822	-0.1494	0.0000	0.3504	0.1806	0.9190	0.0000	2.0784	0.5488	0.4623	1.0000
124	0.9307	0.0560	-0.3614	0.0000	-0.1155	0.9826	-0.1452	0.0000	0.3470	0.1769	0.9210	0.0000	2.0910	0.5499	0.4431	1.0000
125	0.9307	0.0560	-0.3614	0.0000	-0.1155	0.9826	-0.1452	0.0000	0.3470	0.1769	0.9210	0.0000	2.0910	0.5499	0.4431	1.0000
126	0.9307	0.0560	-0.3614	0.0000	-0.1155	0.9826	-0.1452	0.0000	0.3470	0.1769	0.9210	0.0000	2.0910	0.5499	0.4431	1.0000
127	0.9334	0.0588	-0.3540	0.0000	-0.1171	0.9824	-0.1457	0.0000	0.3392	0.1774	0.9238	0.0000	2.1034	0.5507	0.4240	1.0000
128	0.9334	0.0588	-0.3540	0.0000	-0.1171	0.9824	-0.1457	0.0000	0.3392	0.1774	0.9238	0.0000	2.1034	0.5507	0.4240	1.0000
129	0.9374	0.0585	-0.3434	0.0000	-0.1160	0.9819	-0.1496	0.0000	0.3285	0.1800	0.9272	0.0000	2.1148	0.5510	0.4058	1.0000
130	0.9413	0.0539	-0.3332	0.0000	-0.1110	0.9817	-0.1548	0.0000	0.3187	0.1827	0.9301	0.0000	2.1271	0.5510	0.3867	1.0000
131	0.9413	0.0539	-0.3332	0.0000	-0.1110	0.9817	-0.1548	0.0000	0.3187	0.1827	0.9301	0.0000	2.1271	0.5510	0.3867	1.0000
132	0.9445	0.0478	-0.3251	0.0000	-0.1041	0.9819	-0.1582	0.0000	0.3116	0.1833	0.9324	0.0000	2.1391	0.5507	0.3674	1.0000
133	0.9445	0.0478	-0.3251	0.0000	-0.1041	0.9819	-0.1582	0.0000	0.3116	0.1833	0.9324	0.0000	2.1391	0.5507	0.3674	1.0000
134	0.9467	0.0440	-0.3192	0.0000	-0.0987	0.9826	-0.1573	0.0000	0.3067	0.1805	0.9346	0.0000	2.1505	0.5505	0.3481	1.0000
135	0.9465	0.0441	-0.3196	0.0000	-0.0989	0.9826	-0.1572	0.0000	0.3071	0.1804	0.9344	0.0000	2.1490	0.5513	0.3495	1.0000
136	0.9479	0.0432	-0.3156	0.0000	-0.0959	0.9835	-0.1534	0.0000	0.3038	0.1757	0.9364	0.0000	2.1597	0.5511	0.3300	1.0000
137	0.9479	0.0432	-0.3156	0.0000	-0.0959	0.9835	-0.1534	0.0000	0.3038	0.1757	0.9364	0.0000	2.1597	0.5511	0.3300	1.0000
138	0.9486	0.0432	-0.3134	0.0000	-0.0947	0.9840	-0.1511	0.0000	0.3019	0.1730	0.9375	0.0000	2.1699	0.5503	0.3099	1.0000
139	0.9486	0.0432	-0.3134	0.0000	-0.0947	0.9840	-0.1511	0.0000	0.3019	0.1730	0.9375	0.0000	2.1699	0.5503	0.3099	1.0000
140	0.9491	0.0426	-0.3122	0.0000	-0.0937	0.9842	-0.1505	0.0000	0.3008	0.1721	0.9380	0.0000	2.1798	0.5490	0.2893	1.0000
141	0.9489	0.0427	-0.3126	0.0000	-0.0937	0.9842	-0.1502	0.0000	0.3013	0.1718	0.9379	0.0000	2.1800	0.5483	0.2905	1.0000
142	0.9488	0.0414	-0.3130	0.0000	-0.0922	0.9845	-0.1494	0.0000	0.3020	0.1706	0.9379	0.0000	2.1897	0.5466	0.2695	1.0000
143	0.9488	0.0414	-0.3130	0.0000	-0.0922	0.9845	-0.1494	0.0000	0.3020	0.1706	0.9379	0.0000	2.1897	0.5466	0.2695	1.0000
144	0.9484	0.0396	-0.3147	0.0000	-0.0900	0.9850	-0.1473	0.0000	0.3041	0.1681	0.9377	0.0000	2.1993	0.5448	0.2481	1.0000
145	0.9484	0.0396	-0.3147	0.0000	-0.0900	0.9850	-0.1473	0.0000	0.3041	0.1681	0.9377	0.0000	2.1993	0.5448	0.2481	1.0000
146	0.9474	0.0384	-0.3179	0.0000	-0.0888	0.9854	-0.1454	0.0000	0.3076	0.1659	0.9369	0.0000	2.2086	0.5430	0.2261	1.0000
147	0.9471	0.0385	-0.3186	0.0000	-0.0889	0.9854	-0.1450	0.0000	0.3084	0.1657	0.9367	0.0000	2.2063	0.5428	0.2271	1.0000
148	0.9459	0.0392	-0.3221	0.0000	-0.0900	0.9854	-0.1442	0.0000	0.3117	0.1654	0.9357	0.0000	2.2150	0.5413	0.2046	1.0000
149	0.9459	0.0392	-0.3221	0.0000	-0.0900	0.9854	-0.1442	0.0000	0.3117	0.1654	0.9357	0.0000	2.2150	0.5413	0.2046	1.0000
150	0.9446	0.0408	-0.3258	0.0000	-0.0918	0.9855	-0.1426	0.0000	0.3153	0.1646	0.9346	0.0000	2.2233	0.5403	0.1820	1.0000
151	0.9446	0.0408	-0.3258	0.0000	-0.0918	0.9855	-0.1426	0.0000	0.3153	0.1646	0.9346	0.0000	2.2233	0.5403	0.1820	1.0000
152	0.9427	0.0424	-0.3310	0.0000	-0.0932	0.9859	-0.1391	0.0000	0.3204	0.1620	0.9333	0.0000	2.2318	0.5388	0.1591	1.0000
153	0.9427	0.0424	-0.3310	0.0000	-0.0932	0.9859	-0.1391	0.0000	0.3204	0.1620	0.9333	0.0000	2.2318	0.5388	0.1591	1.0000
154	0.9412	0.0423	-0.3351	0.0000	-0.0932	0.9862	-0.1371	0.0000	0.3247	0.1602	0.9321	0.0000	2.2400	0.5389	0.1366	1.0000
155	0.9412	0.0423	-0.3351	0.0000	-0.0932	0.9862	-0.1371	0.0000	0.3247	0.1602	0.9321	0.0000	2.2400	0.5389	0.1366	1.0000
156	0.9398	0.0401	-0.3392	0.0000	-0.0932	0.9855	-0.1417	0.0000	0.3287	0.1648	0.9300	0.0000	2.2487	0.5393	0.1137	1.0000
157	0.9379	0.0368	-0.3451	0.0000	-0.0943	0.9839	-0.1515	0.0000	0.3340	0.1746	0.9263	0.0000	2.2578	0.5401	0.0906	1.0000
158	0.9377	0.0368	-0.3456	0.0000	-0.0944	0.9840	-0.1513	0.0000	0.3345	0.1745	0.9261	0.0000	2.2608	0.5402	0.0889	1.0000
159	0.9377	0.0368	-0.3456	0.0000	-0.0944	0.9840	-0.1513	0.0000	0.3345	0.1745	0.9261	0.0000	2.2608	0.5402	0.0889	1.0000
160	0.9361	0.0334	-0.3501	0.0000	-0.0938	0.9832	-0.1569	0.0000	0.3389	0.1797	0.9235	0.0000	2.2706	0.5413	0.0667	1.0000
161	0.9359	0.0296	-0.3510	0.0000	-0.0899	0.9835	-0.1568	0.0000	0.3405	0.1783	0.9232	0.0000	2.2813	0.5426	0.0456	1.0000
162	0.9359	0.0296	-0.3510	0.0000	-0.0899	0.9835	-0.1568	0.0000	0.3405	0.1783	0.9232	0.0000	2.2813	0.5426	0.0456	1.0000
163	0.9367	0.0230	-0.3494	0.0000	-0.0835	0.9837	-0.1591	0.0000	0.3400	0.1782	0.9234	0.0000	2.2933	0.5437	0.0248	1.0000
164	0.9367	0.0230	-0.3494	0.0000	-0.0835	0.9837	-0.1591	0.0000	0.3400	0.1782	0.9234	0.0000	2.2933	0.5437	0.0248	1.0000
165	0.9375	0.0144	-0.3477	0.0000	-0.0744	0.9843	-0.1601	0.0000	0.3400	0.1760	0.9238	0.0000	2.3086	0.5450	0.0027	1.0000
166	0.9375	0.0144	-0.3477	0.0000	-0.0744	0.9843	-0.1601	0.0000	0.3400	0.1760	0.9238	0.0000	2.3086	0.5450	0.0027	1.0000
167	0.9384	0.0058	-0.3456	0.0000	-0.0652	0.9849	-0.1606	0.0000	0.3394	0.1733	0.9245	0.0000	2.3226	0.5457	-0.0171	1.0000
168	0.9384	0.0058	-0.3456	0.0000	-0.0652	0.9849	-0.1606	0.0000	0.3394	0.1733	0.9245	0.0000	2.3226	0.5457	-0.0171	1.0000
169	0.9388	-0.0017	-0.3445	0.0000	-0.0582	0.9848	-0.1635	0.0000	0.3396	0.1736	0.9244	0.0000	2.3368	0.5457	-0.0369	1.0000
170	0.9388	-0.0017	-0.3445	0.0000	-0.0582	0.9848	-0.1635	0.0000	0.3396	0.1736	0.9244	0.0000	2.3368	0.5457	-0.0369	1.0000
171	0.9386	-0.0076	-0.3449	0.0000	-0.0532	0.9846	-0.1667	0.0000	0.3409	0.1748	0.9237	0.0000	2.3508	0.5450	-0.0577	1.0000
172	0.9386	-0.0076	-0.3449	0.0000	-0.0532	0.9846	-0.1667	0.0000	0.3409	0.1748	0.9237	0.0000	2.3508	0.5450	-0.0577	1.0000
173	0.9392	-0.0122	-0.3432	0.0000	-0.0491	0.9843	-0.1695	0.0000	0.3398	0.1760	0.9239	0.0000	2.3655	0.5441	-0.0771	1.0000
174	0.9392	-0.0122	-0.3432	0.0000	-0.0491	0.9843	-0.1695	0.0000	0.3398	0.1760	0.9239	0.0000	2.3655	0.5441	-0.0771	1.0000
175	0.9405	-0.0150	-0.3396	0.0000	-0.0463	0.9841	-0.1717	0.0000	0.3367	0.1772	0.9248	0.0000	2.3806	0.5430	-0.0963	1.0000
176	0.9402	-0.0152	-0.3404	0.0000	-0.0462	0.9841	-0.1716	0.0000	0.3376	0.1770	0.9245	0.0000	2.3809	0.5427	-0.0985	1.0000
177	0.9410	-0.0168	-0.3381	0.0000	-0.0444	0.9840	-0.1723	0.0000	0.3356	0.1771	0.9252	0.0000	2.3964	0.5413	-0.1175	1.0000
178	0.9410	-0.0168	-0.3381	0.0000	-0.0444	0.9840	-0.1723	0.0000	0.3356	0.1771	0.9252	0.0000	2.3964	0.5413	-0.1175	1.0000
179	0.9408	-0.0182	-0.3385	0.0000	-0.0428	0.9842	-0.1719	0.0000	0.3363	0.1762	0.9251	0.0000	2.4124	0.5398	-0.1362	1.0000
180	0.9408	-0.0182	-0.3385	0.0000	-0.0428	0.9842	-0.1719	0.0000	0.3363	0.1762	0.9251	0.0000	2.4124	0.5398	-0.1362	1.0000
181	0.9397	-0.0187	-0.3415	0.0000	-0.0425	0.9843	-0.1710	0.0000	0.3394	0.1752	0.9242	0.0000	2.4290	0.5381	-0.1549	1.0000
182	0.9397	-0.0187	-0.3415	0.0000	-0.0425	0.9843	-0.1710	0.0000	0.3394	0.1752	0.9242	0.0000	2.4290	0.5381	-0.1549	1.0000
183	0.9394	-0.0190	-0.3423	0.0000	-0.0424	0.9844	-0.1709	0.0000	0.3402	0.1751	0.9239	0.0000	2.4289	0.5380	-0.1564	1.0000
184	0.9378	-0.0178	-0.3468	0.0000	-0.0448	0.9842	-0.1715	0.0000	0.3444	0.1764	0.9221	0.0000	2.4461	0.5362	-0.1752	1.0000
185	0.9355	-0.0156	-0.3529	0.0000	-0.0485	0.9839	-0.1718	0.0000	0.3499	0.1779	0.9198	0.0000	2.4640	0.5347	-0.1942	1.0000
186	0.9355	-0.0156	-0.3529	0.0000	-0.0485	0.9839	-0.1718	0.0000	0.3499	0.1779	0.9198	0.0000	2.4640	0.5347	-0.1942	1.0000
187	0.9332	-0.0114	-0.3591	0.0000	-0.0540	0.9837	-0.1716	0.0000	0.3552	0.1795	0.9174	0.0000	2.4824	0.5336	-0.2130	1.0000
188	0.9311	-0.0050	-0.3647	0.0000	-0.0612	0.9836	-0.1698	0.0000	0.3595	0.1805	0.9155	0.0000	2.5013	0.5331	-0.2316	1.0000
189	0.9309	-0.0052	-0.3653	0.0000	-0.0611	0.9836	-0.1696	0.0000	0.3602	0.1802	0.9153	0.0000	2.5004	0.5330	-0.2302	1.0000
190	0.9309	-0.0052	-0.3653	0.0000	-0.0611	0.9836	-0.1696	0.0000	0.3602	0.1802	0.9153	0.0000	2.5004	0.5330	-0.2302	1.0000
191	0.9290	0.0025	-0.3701	0.0000	-0.0697	0.9833	-0.1682	0.0000	0.3635	0.1821	0.9136	0.0000	2.5196	0.5331	-0.2486	1.0000
192	0.9290	0.0025	-0.3701	0.0000	-0.0697	0.9833	-0.1682	0.0000	0.3635	0.1821	0.9136	0.0000	2.5196	0.5331	-0.2486	1.0000
193	0.9282	0.0109	-0.3719	0.0000	-0.0801	0.9820	-0.1713	0.0000	0.3633	0.1888	0.9123	0.0000	2.5388	0.5338	-0.2670	1.0000
194	0.9280	0.0108	-0.3724	0.0000	-0.0801	0.9820	-0.1712	0.0000	0.3638	0.1887	0.9121	0.0000	2.5383	0.5339	-0.2668	1.0000
195	0.9268	0.0174	-0.3751	0.0000	-0.0893	0.9805	-0.1752	0.0000	0.3647	0.1958	0.9103	0.0000	2.5570	0.5352	-0.2852	1.0000
196	0.9268	0.0174	-0.3751	0.0000	-0.0893	0.9805	-0.1752	0.0000	0.3647	0.1958	0.9103	0.0000	2.5570	0.5352	-0.2852	1.0000
197	0.9233	0.0205	-0.3836	0.0000	-0.0943	0.9801	-0.1745	0.0000	0.3724	0.1972	0.9069	0.0000	2.5752	0.5367	-0.3035	1.0000
198	0.9233	0.0205	-0.3836	0.0000	-0.0943	0.9801	-0.1745	0.0000	0.3724	0.1972	0.9069	0.0000	2.5752	0.5367	-0.3035	1.0000
199	0.9183	0.0207	-0.3954	0.0000	-0.0960	0.9805	-0.1716	0.0000	0.3841	0.1955	0.9023	0.0000	2.5929	0.5385	-0.3221	1.0000
200	0.9182	0.0205	-0.3956	0.0000	-0.0958	0.9805	-0.1716	0.0000	0.3844	0.1954	0.9023	0.0000	2.5922	0.5387	-0.3211	1.0000
201	0.9137	0.0175	-0.4061	0.0000	-0.0952	0.9805	-0.1720	0.0000	0.3952	0.1958	0.8975	0.0000	2.6092	0.5402	-0.3397	1.0000
202	0.9104	0.0118	-0.4135	0.0000	-0.0933	0.9797	-0.1774	0.0000	0.4030	0.2001	0.8930	0.0000	2.6254	0.5411	-0.3584	1.0000
203	0.9104	0.0118	-0.4135	0.0000	-0.0933	0.9797	-0.1774	0.0000	0.4030	0.2001	0.8930	0.0000	2.6254	0.5411	-0.3584	1.0000
204	0.9104	0.0118	-0.4135	0.0000	-0.0933	0.9797	-0.1774	0.0000	0.4030	0.2001	0.8930	0.0000	2.6254	0.5411	-0.3584	1.0000
205	0.9080	0.0060	-0.4190	0.0000	-0.0906	0.9790	-0.1824	0.0000	0.4092	0.2036	0.8895	0.0000	2.6407	0.5416	-0.3769	1.0000
206	0.9079	0.0058	-0.4192	0.0000	-0.0905	0.9790	-0.1824	0.0000	0.4093	0.2036	0.8894	0.0000	2.6417	0.5409	-0.3785	1.0000
207	0.9062	0.0028	-0.4229	0.0000	-0.0886	0.9791	-0.1832	0.0000	0.4135	0.2035	0.8875	0.0000	2.6567	0.5409	-0.3970	1.0000
208	0.9062	0.0028	-0.4229	0.0000	-0.0886	0.9791	-0.1832	0.0000	0.4135	0.2035	0.8875	0.0000	2.6567	0.5409	-0.3970	1.0000
209	0.9053	0.0046	-0.4248	0.0000	-0.0906	0.9790	-0.1825	0.0000	0.4151	0.2037	0.8867	0.0000	2.6712	0.5405	-0.4159	1.0000
210	0.9043	0.0101	-0.4267	0.0000	-0.0960	0.9789	-0.1803	0.0000	0.4159	0.2040	0.8862	0.0000	2.6855	0.5396	-0.4354	1.0000
211	0.9043	0.0101	-0.4267	0.0000	-0.0960	0.9789	-0.1803	0.0000	0.4159	0.2040	0.8862	0.0000	2.6855	0.5396	-0.4354	1.0000
212	0.9031	0.0156	-0.4292	0.0000	-0.1013	0.9789	-0.1776	0.0000	0.4174	0.2039	0.8856	0.0000	2.7008	0.5379	-0.4562	1.0000
213	0.9031	0.0156	-0.4292	0.0000	-0.1013	0.9789	-0.1776	0.0000	0.4174	0.2039	0.8856	0.0000	2.7008	0.5379	-0.4562	1.0000
214	0.9031	0.0156	-0.4292	0.0000	-0.1013	0.9789	-0.1776	0.0000	0.4174	0.2039	0.8856	0.0000	2.7008	0.5379	-0.4562	1.0000
215	0.9018	0.0206	-0.4316	0.0000	-0.1066	0.9786	-0.1761	0.0000	0.4188	0.2048	0.8847	0.0000	2.7150	0.5356	-0.4776	1.0000
216	0.9018	0.0206	-0.4316	0.0000	-0.1066	0.9786	-0.1761	0.0000	0.4188	0.2048	0.8847	0.0000	2.7150	0.5356	-0.4776	1.0000
217	0.9002	0.0246	-0.4347	0.0000	-0.1109	0.9784	-0.1744	0.0000	0.4211	0.2053	0.8835	0.0000	2.7290	0.5326	-0.4996	1.0000
218	0.9000	0.0245	-0.4352	0.0000	-0.1109	0.9784	-0.1743	0.0000	0.4215	0.2051	0.8833	0.0000	2.7264	0.5324	-0.4994	1.0000
219	0.8979	0.0298	-0.4392	0.0000	-0.1166	0.9782	-0.1719	0.0000	0.4245	0.2055	0.8818	0.0000	2.7400	0.5290	-0.5222	1.0000
220	0.8964	0.0385	-0.4416	0.0000	-0.1254	0.9775	-0.1694	0.0000	0.4252	0.2072	0.8811	0.0000	2.7535	0.5254	-0.5457	1.0000
221	0.8964	0.0385	-0.4416	0.0000	-0.1254	0.9775	-0.1694	0.0000	0.4252	0.2072	0.8811	0.0000	2.7535	0.5254	-0.5457	1.0000
222	0.8951	0.0497	-0.4430	0.0000	-0.1364	0.9766	-0.1662	0.0000	0.4244	0.2092	0.8810	0.0000	2.7669	0.5220	-0.5694	1.0000
223	0.8951	0.0497	-0.4430	0.0000	-0.1364	0.9766	-0.1662	0.0000	0.4244	0.2092	0.8810	0.0000	2.7669	0.5220	-0.5694	1.0000
224	0.8937	0.0601	-0.4447	0.0000	-0.1459	0.9761	-0.1612	0.0000	0.4243	0.2090	0.8811	0.0000	2.7806	0.5183	-0.5930	1.0000
225	0.8937	0.0601	-0.4447	0.0000	-0.1459	0.9761	-0.1612	0.0000	0.4243	0.2090	0.8811	0.0000	2.7806	0.5183	-0.5930	1.0000
226	0.8937	0.0601	-0.4447	0.0000	-0.1459	0.9761	-0.1612	0.0000	0.4243	0.2090	0.8811	0.0000	2.7806	0.5183	-0.5930	1.0000
227	0.8922	0.0677	-0.4466	0.0000	-0.1533	0.9754	-0.1584	0.0000	0.4249	0.2098	0.8806	0.0000	2.7944	0.5159	-0.6172	1.0000
228	0.8905	0.0706	-0.4495	0.0000	-0.1585	0.9742	-0.1609	0.0000	0.4265	0.2145	0.8787	0.0000	2.8085	0.5146	-0.6423	1.0000
229	0.8905	0.0706	-0.4495	0.0000	-0.1585	0.9742	-0.1609	0.0000	0.4265	0.2145	0.8787	0.0000	2.8085	0.5146	-0.6423	1.0000
230	0.8904	0.0705	-0.4497	0.0000	-0.1583	0.9742	-0.1607	0.0000	0.4268	0.2143	0.8786	0.0000	2.8065	0.5135	-0.6418	1.0000
231	0.8885	0.0692	-0.4536	0.0000	-0.1640	0.9711	-0.1731	0.0000	0.4285	0.2282	0.8742	0.0000	2.8202	0.5132	-0.6675	1.0000
232	0.8859	0.0674	-0.4589	0.0000	-0.1683	0.9687	-0.1826	0.0000	0.4322	0.2390	0.8695	0.0000	2.8338	0.5141	-0.6923	1.0000
233	0.8859	0.0674	-0.4589	0.0000	-0.1683	0.9687	-0.1826	0.0000	0.4322	0.2390	0.8695	0.0000	2.8338	0.5141	-0.6923	1.0000
234	0.8824	0.0674	-0.4657	0.0000	-0.1697	0.9687	-0.1814	0.0000	0.4389	0.2391	0.8661	0.0000	2.8477	0.5163	-0.7161	1.0000
235	0.8824	0.0674	-0.4657	0.0000	-0.1697	0.9687	-0.1814	0.0000	0.4389	0.2391	0.8661	0.0000	2.8477	0.5163	-0.7161	1.0000
236	0.8793	0.0679	-0.4714	0.0000	-0.1715	0.9685	-0.1805	0.0000	0.4443	0.2396	0.8633	0.0000	2.8615	0.5190	-0.7395	1.0000
237	0.8793	0.0680	-0.4714	0.0000	-0.1716	0.9685	-0.1804	0.0000	0.4443	0.2395	0.8633	0.0000	2.8581	0.5188	-0.7384	1.0000
238	0.8776	0.0653	-0.4750	0.0000	-0.1709	0.9682	-0.1825	0.0000	0.4480	0.2413	0.8609	0.0000	2.8718	0.5217	-0.7611	1.0000
239	0.8776	0.0653	-0.4750	0.0000	-0.1709	0.9682	-0.1825	0.0000	0.4480	0.2413	0.8609	0.0000	2.8718	0.5217	-0.7611	1.0000
240	0.8761	0.0588	-0.4785	0.0000	-0.1637	0.9698	-0.1806	0.0000	0.4534	0.2366	0.8593	0.0000	2.8855	0.5244	-0.7824	1.0000
241	0.8761	0.0588	-0.4785	0.0000	-0.1637	0.9698	-0.1806	0.0000	0.4534	0.2366	0.8593	0.0000	2.8855	0.5244	-0.7824	1.0000
242	0.8742	0.0522	-0.4828	0.0000	-0.1559	0.9717	-0.1772	0.0000	0.4599	0.2302	0.8576	0.0000	2.8991	0.5265	-0.8030	1.0000
243	0.8742	0.0522	-0.4828	0.0000	-0.1559	0.9717	-0.1772	0.0000	0.4599	0.2302	0.8576	0.0000	2.8991	0.5265	-0.8030	1.0000
244	0.8719	0.0484	-0.4873	0.0000	-0.1507	0.9733	-0.1730	0.0000	0.4659	0.2243	0.8559	0.0000	2.9097	0.5285	-0.8219	1.0000
245	0.8719	0.0484	-0.4873	0.0000	-0.1507	0.9733	-0.1730	0.0000	0.4659	0.2243	0.8559	0.0000	2.9097	0.5285	-0.8219	1.0000
246	0.8683	0.0478	-0.4938	0.0000	-0.1486	0.9747	-0.1669	0.0000	0.4733	0.2183	0.8534	0.0000	2.9230	0.5292	-0.8418	1.0000
247	0.8683	0.0478	-0.4938	0.0000	-0.1486	0.9747	-0.1669	0.0000	0.4733	0.2183	0.8534	0.0000	2.9230	0.5292	-0.8418	1.0000
248	0.8616	0.0484	-0.5053	0.0000	-0.1488	0.9758	-0.1603	0.0000	0.4853	0.2133	0.8479	0.0000	2.9362	0.5287	-0.8617	1.0000
249	0.8618	0.0484	-0.5050	0.0000	-0.1488	0.9758	-0.1604	0.0000	0.4850	0.2134	0.8481	0.0000	2.9360	0.5290	-0.8622	1.0000
250	0.8523	0.0473	-0.5209	0.0000	-0.1493	0.9765	-0.1555	0.0000	0.5013	0.2103	0.8393	0.0000	2.9489	0.5273	-0.8825	1.0000
251	0.8523	0.0473	-0.5209	0.0000	-0.1493	0.9765	-0.1555	0.0000	0.5013	0.2103	0.8393	0.0000	2.9489	0.5273	-0.8825	1.0000
252	0.8417	0.0442	-0.5382	0.0000	-0.1497	0.9767	-0.1538	0.0000	0.5189	0.2100	0.8287	0.0000	2.9619	0.5246	-0.9029	1.0000
253	0.8417	0.0442	-0.5382	0.0000	-0.1497	0.9767	-0.1538	0.0000	0.5189	0.2100	0.8287	0.0000	2.9619	0.5246	-0.9029	1.0000
254	0.8312	0.0412	-0.5545	0.0000	-0.1516	0.9763	-0.1547	0.0000	0.5349	0.2126	0.8177	0.0000	2.9733	0.5206	-0.9206	1.0000
255	0.8312	0.0412	-0.5545	0.0000	-0.1516	0.9763	-0.1547	0.0000	0.5349	0.2126	0.8177	0.0000	2.9733	0.5206	-0.9206	1.0000
256	0.8206	0.0403	-0.5701	0.0000	-0.1568	0.9751	-0.1568	0.0000	0.5496	0.2181	0.8065	0.0000	2.9861	0.5172	-0.9410	1.0000
257	0.8206	0.0403	-0.5701	0.0000	-0.1568	0.9751	-0.1568	0.0000	0.5496	0.2181	0.8065	0.0000	2.9861	0.5172	-0.9410	1.0000
258	0.8089	0.0409	-0.5865	0.0000	-0.1636	0.9738	-0.1578	0.0000	0.5647	0.2236	0.7945	0.0000	2.9987	0.5144	-0.9610	1.0000
259	0.8089	0.0409	-0.5865	0.0000	-0.1636	0.9738	-0.1578	0.0000	0.5647	0.2236	0.7945	0.0000	2.9987	0.5144	-0.9610	1.0000
260	0.7956	0.0422	-0.6043	0.0000	-0.1707	0.9728	-0.1568	0.0000	0.5812	0.2279	0.7812	0.0000	3.0082	0.5109	-0.9777	1.0000
261	0.7814	0.0432	-0.6225	0.0000	-0.1811	0.9704	-0.1600	0.0000	0.5972	0.2378	0.7661	0.0000	3.0203	0.5098	-0.9977	1.0000
262	0.7814	0.0432	-0.6225	0.0000	-0.1811	0.9704	-0.1600	0.0000	0.5972	0.2378	0.7661	0.0000	3.0203	0.5098	-0.9977	1.0000
263	0.7814	0.0432	-0.6225	0.0000	-0.1811	0.9704	-0.1600	0.0000	0.5972	0.2378	0.7661	0.0000	3.0203	0.5098	-0.9977	1.0000
264	0.7667	0.0461	-0.6403	0.0000	-0.1936	0.9676	-0.1622	0.0000	0.6121	0.2483	0.7508	0.0000	3.0321	0.5097	-1.0175	1.0000
265	0.7667	0.0461	-0.6403	0.0000	-0.1936	0.9676	-0.1622	0.0000	0.6121	0.2483	0.7508	0.0000	3.0321	0.5097	-1.0175	1.0000
266	0.7511	0.0542	-0.6580	0.0000	-0.2075	0.9655	-0.1573	0.0000	0.6267	0.2547	0.7364	0.0000	3.0432	0.5103	-1.0366	1.0000
267	0.7325	0.0643	-0.6777	0.0000	-0.2206	0.9642	-0.1469	0.0000	0.6441	0.2572	0.7205	0.0000	3.0509	0.5097	-1.0527	1.0000
268	0.7325	0.0643	-0.6777	0.0000	-0.2206	0.9642	-0.1469	0.0000	0.6441	0.2572	0.7205	0.0000	3.0509	0.5097	-1.0527	1.0000
269	0.7325	0.0643	-0.6777	0.0000	-0.2206	0.9642	-0.1469	0.0000	0.6441	0.2572	0.7205	0.0000	3.0509	0.5097	-1.0527	1.0000
270	0.7124	0.0711	-0.6982	0.0000	-0.2322	0.9627	-0.1389	0.0000	0.6622	0.2611	0.7023	0.0000	3.0607	0.5107	-1.0725	1.0000
271	0.6930	0.0714	-0.7173	0.0000	-0.2429	0.9600	-0.1391	0.0000	0.6787	0.2706	0.6827	0.0000	3.0693	0.5113	-1.0925	1.0000
272	0.6930	0.0714	-0.7173	0.0000	-0.2429	0.9600	-0.1391	0.0000	0.6787	0.2706	0.6827	0.0000	3.0693	0.5113	-1.0925	1.0000
273	0.6928	0.0715	-0.7176	0.0000	-0.2428	0.9601	-0.1387	0.0000	0.6790	0.2703	0.6825	0.0000	3.0675	0.5111	-1.0908	1.0000
274	0.6733	0.0647	-0.7365	0.0000	-0.2477	0.9583	-0.1423	0.0000	0.6966	0.2782	0.6613	0.0000	3.0748	0.5115	-1.1106	1.0000
275	0.6546	0.0547	-0.7540	0.0000	-0.2466	0.9583	-0.1446	0.0000	0.7146	0.2806	0.6408	0.0000	3.0808	0.5117	-1.1302	1.0000
276	0.6546	0.0547	-0.7540	0.0000	-0.2466	0.9583	-0.1446	0.0000	0.7146	0.2806	0.6408	0.0000	3.0808	0.5117	-1.1302	1.0000
277	0.6393	0.0480	-0.7675	0.0000	-0.2441	0.9591	-0.1434	0.0000	0.7292	0.2790	0.6249	0.0000	3.0858	0.5115	-1.1497	1.0000
278	0.6393	0.0480	-0.7675	0.0000	-0.2441	0.9591	-0.1434	0.0000	0.7292	0.2790	0.6249	0.0000	3.0858	0.5115	-1.1497	1.0000
279	0.6265	0.0465	-0.7780	0.0000	-0.2432	0.9600	-0.1384	0.0000	0.7405	0.2760	0.6128	0.0000	3.0882	0.5125	-1.1681	1.0000
280	0.6265	0.0465	-0.7780	0.0000	-0.2432	0.9600	-0.1384	0.0000	0.7405	0.2760	0.6128	0.0000	3.0882	0.5125	-1.1681	1.0000
281	0.6138	0.0482	-0.7880	0.0000	-0.2444	0.9607	-0.1317	0.0000	0.7506	0.2734	0.6015	0.0000	3.0911	0.5111	-1.1888	1.0000
282	0.6138	0.0482	-0.7880	0.0000	-0.2444	0.9607	-0.1317	0.0000	0.7506	0.2734	0.6015	0.0000	3.0911	0.5111	-1.1888	1.0000
283	0.5995	0.0505	-0.7988	0.0000	-0.2465	0.9611	-0.1242	0.0000	0.7615	0.2714	0.5887	0.0000	3.0932	0.5086	-1.2103	1.0000
284	0.5997	0.0503	-0.7987	0.0000	-0.2464	0.9611	-0.1244	0.0000	0.7614	0.2714	0.5888	0.0000	3.0956	0.5091	-1.2111	1.0000
285	0.5832	0.0522	-0.8107	0.0000	-0.2491	0.9614	-0.1173	0.0000	0.7732	0.2703	0.5736	0.0000	3.0968	0.5058	-1.2333	1.0000
286	0.5832	0.0522	-0.8107	0.0000	-0.2491	0.9614	-0.1173	0.0000	0.7732	0.2703	0.5736	0.0000	3.0968	0.5058	-1.2333	1.0000
287	0.5653	0.0542	-0.8231	0.0000	-0.2532	0.9611	-0.1106	0.0000	0.7851	0.2709	0.5570	0.0000	3.0968	0.5018	-1.2558	1.0000
288	0.5653	0.0542	-0.8231	0.0000	-0.2532	0.9611	-0.1106	0.0000	0.7851	0.2709	0.5570	0.0000	3.0968	0.5018	-1.2558	1.0000
289	0.5485	0.0601	-0.8340	0.0000	-0.2600	0.9602	-0.1018	0.0000	0.7947	0.2726	0.5423	0.0000	3.0955	0.4978	-1.2784	1.0000
290	0.5485	0.0601	-0.8340	0.0000	-0.2600	0.9602	-0.1018	0.0000	0.7947	0.2726	0.5423	0.0000	3.0955	0.4978	-1.2784	1.0000
291	0.5329	0.0705	-0.8432	0.0000	-0.2684	0.9591	-0.0895	0.0000	0.8025	0.2740	0.5300	0.0000	3.0934	0.4949	-1.2995	1.0000
292	0.5329	0.0705	-0.8432	0.0000	-0.2684	0.9591	-0.0895	0.0000	0.8025	0.2740	0.5300	0.0000	3.0934	0.4949	-1.2995	1.0000
293	0.5166	0.0828	-0.8522	0.0000	-0.2776	0.9577	-0.0752	0.0000	0.8100	0.2754	0.5178	0.0000	3.0903	0.4919	-1.3220	1.0000
294	0.5166	0.0828	-0.8522	0.0000	-0.2776	0.9577	-0.0752	0.0000	0.8100	0.2754	0.5178	0.0000	3.0903	0.4919	-1.3220	1.0000
295	0.4964	0.0942	-0.8629	0.0000	-0.2867	0.9561	-0.0606	0.0000	0.8193	0.2776	0.5016	0.0000	3.0863	0.4896	-1.3448	1.0000
296	0.4964	0.0942	-0.8629	0.0000	-0.2867	0.9561	-0.0606	0.0000	0.8193	0.2776	0.5016	0.0000	3.0863	0.4896	-1.3448	1.0000
297	0.4725	0.1037	-0.8752	0.0000	-0.2964	0.9539	-0.0471	0.0000	0.8300	0.2817	0.4814	0.0000	3.0801	0.4875	-1.3673	1.0000
298	0.4725	0.1037	-0.8752	0.0000	-0.2964	0.9539	-0.0471	0.0000	0.8300	0.2817	0.4814	0.0000	3.0801	0.4875	-1.3673	1.0000
299	0.4488	0.1138	-0.8863	0.0000	-0.3087	0.9505	-0.0342	0.0000	0.8386	0.2890	0.4618	0.0000	3.0736	0.4874	-1.3901	1.0000
300	0.4488	0.1138	-0.8863	0.0000	-0.3087	0.9505	-0.0342	0.0000	0.8386	0.2890	0.4618	0.0000	3.0736	0.4874	-1.3901	1.0000
301	0.4268	0.1241	-0.8958	0.0000	-0.3219	0.9465	-0.0222	0.0000	0.8451	0.2979	0.4439	0.0000	3.0665	0.4887	-1.4125	1.0000
302	0.4044	0.1310	-0.9051	0.0000	-0.3305	0.9437	-0.0111	0.0000	0.8528	0.3036	0.4250	0.0000	3.0602	0.4893	-1.4351	1.0000
303	0.4044	0.1310	-0.9051	0.0000	-0.3305	0.9437	-0.0111	0.0000	0.8528	0.3036	0.4250	0.0000	3.0602	0.4893	-1.4351	1.0000
304	0.4044	0.1310	-0.9051	0.0000	-0.3305	0.9437	-0.0111	0.0000	0.8528	0.3036	0.4250	0.0000	3.0602	0.4893	-1.4351	1.0000
305	0.3794	0.1315	-0.9158	0.0000	-0.3361	0.9418	-0.0040	0.0000	0.8620	0.3093	0.4015	0.0000	3.0537	0.4920	-1.4558	1.0000
306	0.3794	0.1315	-0.9158	0.0000	-0.3361	0.9418	-0.0040	0.0000	0.8620	0.3093	0.4015	0.0000	3.0537	0.4920	-1.4558	1.0000
307	0.3519	0.1271	-0.9273	0.0000	-0.3364	0.9417	0.0014	0.0000	0.8735	0.3115	0.3742	0.0000	3.0477	0.4951	-1.4753	1.0000
308	0.3235	0.1238	-0.9381	0.0000	-0.3311	0.9435	0.0104	0.0000	0.8864	0.3073	0.3462	0.0000	3.0413	0.4980	-1.4925	1.0000
309	0.3235	0.1238	-0.9381	0.0000	-0.3311	0.9435	0.0104	0.0000	0.8864	0.3073	0.3462	0.0000	3.0413	0.4980	-1.4925	1.0000
310	0.3235	0.1238	-0.9381	0.0000	-0.3311	0.9435	0.0104	0.0000	0.8864	0.3073	0.3462	0.0000	3.0413	0.4980	-1.4925	1.0000
311	0.2961	0.1234	-0.9471	0.0000	-0.3252	0.9454	0.0215	0.0000	0.8981	0.3017	0.3201	0.0000	3.0350	0.5011	-1.5098	1.0000
312	0.2697	0.1227	-0.9551	0.0000	-0.3170	0.9479	0.0323	0.0000	0.9092	0.2941	0.2946	0.0000	3.0288	0.5039	-1.5270	1.0000
313	0.2697	0.1227	-0.9551	0.0000	-0.3170	0.9479	0.0323	0.0000	0.9092	0.2941	0.2946	0.0000	3.0288	0.5039	-1.5270	1.0000
314	0.2698	0.1229	-0.9550	0.0000	-0.3169	0.9479	0.0324	0.0000	0.9093	0.2939	0.2947	0.0000	3.0269	0.5038	-1.5250	1.0000
315	0.2433	0.1197	-0.9625	0.0000	-0.3066	0.9510	0.0407	0.0000	0.9202	0.2852	0.2681	0.0000	3.0208	0.5060	-1.5422	1.0000
316	0.2162	0.1147	-0.9696	0.0000	-0.2974	0.9536	0.0465	0.0000	0.9300	0.2783	0.2402	0.0000	3.0150	0.5072	-1.5597	1.0000
317	0.2162	0.1147	-0.9696	0.0000	-0.2974	0.9536	0.0465	0.0000	0.9300	0.2783	0.2402	0.0000	3.0150	0.5072	-1.5597	1.0000
318	0.1866	0.1093	-0.9763	0.0000	-0.2881	0.9562	0.0520	0.0000	0.9392	0.2716	0.2099	0.0000	3.0093	0.5078	-1.5776	1.0000
319	0.1866	0.1093	-0.9763	0.0000	-0.2881	0.9562	0.0520	0.0000	0.9392	0.2716	0.2099	0.0000	3.0093	0.5078	-1.5776	1.0000
320	0.1867	0.1094	-0.9763	0.0000	-0.2882	0.9562	0.0521	0.0000	0.9392	0.2716	0.2101	0.0000	3.0066	0.5083	-1.5749	1.0000
321	0.1561	0.1055	-0.9821	0.0000	-0.2779	0.9588	0.0588	0.0000	0.9478	0.2637	0.1790	0.0000	3.0010	0.5085	-1.5929	1.0000
322	0.1262	0.1031	-0.9866	0.0000	-0.2691	0.9608	0.0660	0.0000	0.9548	0.2572	0.1490	0.0000	2.9956	0.5084	-1.6110	1.0000
323	0.1262	0.1031	-0.9866	0.0000	-0.2691	0.9608	0.0660	0.0000	0.9548	0.2572	0.1490	0.0000	2.9956	0.5084	-1.6110	1.0000
324	0.0963	0.1013	-0.9902	0.0000	-0.2603	0.9627	0.0732	0.0000	0.9607	0.2507	0.1191	0.0000	2.9904	0.5081	-1.6294	1.0000
325	0.0963	0.1013	-0.9902	0.0000	-0.2603	0.9627	0.0732	0.0000	0.9607	0.2507	0.1191	0.0000	2.9904	0.5081	-1.6294	1.0000
326	0.0682	0.1004	-0.9926	0.0000	-0.2513	0.9646	0.0803	0.0000	0.9655	0.2439	0.0910	0.0000	2.9840	0.5079	-1.6462	1.0000
327	0.0682	0.1004	-0.9926	0.0000	-0.2513	0.9646	0.0803	0.0000	0.9655	0.2439	0.0910	0.0000	2.9840	0.5079	-1.6462	1.0000
328	0.0402	0.0998	-0.9942	0.0000	-0.2434	0.9660	0.0871	0.0000	0.9691	0.2384	0.0631	0.0000	2.9794	0.5079	-1.6651	1.0000
329	0.0402	0.0998	-0.9942	0.0000	-0.2434	0.9660	0.0871	0.0000	0.9691	0.2384	0.0631	0.0000	2.9794	0.5079	-1.6651	1.0000
330	0.0111	0.0984	-0.9951	0.0000	-0.2377	0.9669	0.0929	0.0000	0.9713	0.2355	0.0341	0.0000	2.9745	0.5085	-1.6842	1.0000
331	0.0111	0.0984	-0.9951	0.0000	-0.2377	0.9669	0.0929	0.0000	0.9713	0.2355	0.0341	0.0000	2.9745	0.5085	-1.6842	1.0000
332	-0.0196	0.0968	-0.9951	0.0000	-0.2379	0.9663	0.0987	0.0000	0.9711	0.2387	0.0041	0.0000	2.9682	0.5104	-1.7041	1.0000
333	-0.0196	0.0968	-0.9951	0.0000	-0.2379	0.9663	0.0987	0.0000	0.9711	0.2387	0.0041	0.0000	2.9682	0.5104	-1.7041	1.0000
334	-0.0516	0.0987	-0.9938	0.0000	-0.2387	0.9650	0.1083	0.0000	0.9697	0.2428	-0.0263	0.0000	2.9626	0.5125	-1.7226	1.0000
