0	0.9866	-0.0393	0.1585	0.0000	0.0360	0.9991	0.0236	0.0000	-0.1593	-0.0176	0.9871	0.0000	-0.2097	0.2711	0.1768	1.0000
1	0.9865	-0.0407	0.1586	0.0000	0.0375	0.9990	0.0232	0.0000	-0.1594	-0.0170	0.9871	0.0000	-0.2090	0.2708	0.1773	1.0000
2	0.9865	-0.0407	0.1586	0.0000	0.0375	0.9990	0.0232	0.0000	-0.1594	-0.0170	0.9871	0.0000	-0.2090	0.2708	0.1773	1.0000
3	0.9859	-0.0380	0.1628	0.0000	0.0384	0.9993	0.0006	0.0000	-0.1627	0.0056	0.9867	0.0000	-0.2088	0.2706	0.1755	1.0000
4	0.9859	-0.0380	0.1628	0.0000	0.0384	0.9993	0.0006	0.0000	-0.1627	0.0056	0.9867	0.0000	-0.2088	0.2706	0.1755	1.0000
5	0.9859	-0.0380	0.1628	0.0000	0.0384	0.9993	0.0006	0.0000	-0.1627	0.0056	0.9867	0.0000	-0.2088	0.2706	0.1755	1.0000
6	0.9848	-0.0269	0.1714	0.0000	0.0307	0.9993	-0.0195	0.0000	-0.1707	0.0245	0.9850	0.0000	-0.2099	0.2714	0.1736	1.0000
7	0.9847	-0.0185	0.1735	0.0000	0.0208	0.9997	-0.0114	0.0000	-0.1732	0.0148	0.9848	0.0000	-0.2118	0.2726	0.1736	1.0000
8	0.9847	-0.0187	0.1734	0.0000	0.0209	0.9997	-0.0109	0.0000	-0.1731	0.0143	0.9848	0.0000	-0.2114	0.2708	0.1745	1.0000
9	0.9865	-0.0204	0.1625	0.0000	0.0204	0.9998	0.0018	0.0000	-0.1625	0.0015	0.9867	0.0000	-0.2130	0.2711	0.1744	1.0000
10	0.9865	-0.0204	0.1625	0.0000	0.0204	0.9998	0.0018	0.0000	-0.1625	0.0015	0.9867	0.0000	-0.2130	0.2711	0.1744	1.0000
11	0.9889	-0.0289	0.1460	0.0000	0.0275	0.9996	0.0117	0.0000	-0.1462	-0.0076	0.9892	0.0000	-0.2140	0.2709	0.1740	1.0000
12	0.9902	-0.0395	0.1339	0.0000	0.0373	0.9991	0.0187	0.0000	-0.1345	-0.0135	0.9908	0.0000	-0.2145	0.2703	0.1736	1.0000
13	0.9902	-0.0395	0.1339	0.0000	0.0373	0.9991	0.0187	0.0000	-0.1345	-0.0135	0.9908	0.0000	-0.2145	0.2703	0.1736	1.0000
14	0.9902	-0.0395	0.1339	0.0000	0.0373	0.9991	0.0187	0.0000	-0.1345	-0.0135	0.9908	0.0000	-0.2145	0.2703	0.1736	1.0000
15	0.9902	-0.0464	0.1318	0.0000	0.0446	0.9989	0.0170	0.0000	-0.1324	-0.0109	0.9911	0.0000	-0.2146	0.2695	0.1733	1.0000
16	0.9903	-0.0467	0.1309	0.0000	0.0448	0.9988	0.0175	0.0000	-0.1316	-0.0115	0.9912	0.0000	-0.2148	0.2700	0.1746	1.0000
17	0.9894	-0.0465	0.1379	0.0000	0.0452	0.9989	0.0126	0.0000	-0.1383	-0.0062	0.9904	0.0000	-0.2151	0.2698	0.1744	1.0000
18	0.9894	-0.0465	0.1379	0.0000	0.0452	0.9989	0.0126	0.0000	-0.1383	-0.0062	0.9904	0.0000	-0.2151	0.2698	0.1744	1.0000
19	0.9880	-0.0425	0.1483	0.0000	0.0418	0.9991	0.0079	0.0000	-0.1485	-0.0016	0.9889	0.0000	-0.2154	0.2699	0.1743	1.0000
20	0.9880	-0.0425	0.1483	0.0000	0.0418	0.9991	0.0079	0.0000	-0.1485	-0.0016	0.9889	0.0000	-0.2154	0.2699	0.1743	1.0000
21	0.9869	-0.0377	0.1569	0.0000	0.0374	0.9993	0.0050	0.0000	-0.1570	0.0009	0.9876	0.0000	-0.2157	0.2702	0.1746	1.0000
22	0.9865	-0.0343	0.1604	0.0000	0.0338	0.9994	0.0057	0.0000	-0.1605	-0.0002	0.9870	0.0000	-0.2160	0.2705	0.1750	1.0000
23	0.9865	-0.0343	0.1604	0.0000	0.0338	0.9994	0.0057	0.0000	-0.1605	-0.0002	0.9870	0.0000	-0.2160	0.2705	0.1750	1.0000
24	0.9867	-0.0328	0.1595	0.0000	0.0321	0.9995	0.0072	0.0000	-0.1596	-0.0020	0.9872	0.0000	-0.2162	0.2707	0.1754	1.0000
25	0.9867	-0.0326	0.1591	0.0000	0.0319	0.9995	0.0072	0.0000	-0.1593	-0.0020	0.9872	0.0000	-0.2162	0.2711	0.1752	1.0000
26	0.9867	-0.0326	0.1591	0.0000	0.0319	0.9995	0.0072	0.0000	-0.1593	-0.0020	0.9872	0.0000	-0.2162	0.2711	0.1752	1.0000
27	0.9870	-0.0314	0.1578	0.0000	0.0304	0.9995	0.0082	0.0000	-0.1579	-0.0033	0.9874	0.0000	-0.2164	0.2713	0.1754	1.0000
28	0.9870	-0.0307	0.1578	0.0000	0.0297	0.9995	0.0086	0.0000	-0.1580	-0.0039	0.9874	0.0000	-0.2164	0.2715	0.1756	1.0000
29	0.9870	-0.0307	0.1578	0.0000	0.0297	0.9995	0.0086	0.0000	-0.1580	-0.0039	0.9874	0.0000	-0.2164	0.2715	0.1756	1.0000
30	0.9868	-0.0298	0.1590	0.0000	0.0289	0.9996	0.0079	0.0000	-0.1592	-0.0032	0.9872	0.0000	-0.2164	0.2719	0.1757	1.0000
31	0.9868	-0.0298	0.1590	0.0000	0.0289	0.9996	0.0079	0.0000	-0.1592	-0.0032	0.9872	0.0000	-0.2164	0.2719	0.1757	1.0000
32	0.9868	-0.0298	0.1590	0.0000	0.0289	0.9996	0.0079	0.0000	-0.1592	-0.0032	0.9872	0.0000	-0.2164	0.2719	0.1757	1.0000
33	0.9865	-0.0295	0.1612	0.0000	0.0285	0.9996	0.0082	0.0000	-0.1613	-0.0035	0.9869	0.0000	-0.2162	0.2721	0.1759	1.0000
34	0.9863	-0.0304	0.1619	0.0000	0.0294	0.9995	0.0085	0.0000	-0.1621	-0.0036	0.9868	0.0000	-0.2160	0.2722	0.1760	1.0000
35	0.9863	-0.0304	0.1619	0.0000	0.0294	0.9995	0.0085	0.0000	-0.1621	-0.0036	0.9868	0.0000	-0.2160	0.2722	0.1760	1.0000
36	0.9863	-0.0304	0.1619	0.0000	0.0294	0.9995	0.0085	0.0000	-0.1621	-0.0036	0.9868	0.0000	-0.2160	0.2722	0.1760	1.0000
37	0.9864	-0.0324	0.1609	0.0000	0.0313	0.9995	0.0094	0.0000	-0.1612	-0.0042	0.9869	0.0000	-0.2156	0.2723	0.1761	1.0000
38	0.9865	-0.0326	0.1606	0.0000	0.0314	0.9995	0.0096	0.0000	-0.1608	-0.0044	0.9870	0.0000	-0.2156	0.2723	0.1765	1.0000
39	0.9867	-0.0347	0.1591	0.0000	0.0333	0.9994	0.0110	0.0000	-0.1594	-0.0056	0.9872	0.0000	-0.2152	0.2723	0.1766	1.0000
40	0.9867	-0.0347	0.1591	0.0000	0.0333	0.9994	0.0110	0.0000	-0.1594	-0.0056	0.9872	0.0000	-0.2152	0.2723	0.1766	1.0000
41	0.9869	-0.0364	0.1571	0.0000	0.0348	0.9993	0.0126	0.0000	-0.1575	-0.0070	0.9875	0.0000	-0.2148	0.2723	0.1767	1.0000
42	0.9870	-0.0364	0.1568	0.0000	0.0348	0.9993	0.0128	0.0000	-0.1572	-0.0071	0.9875	0.0000	-0.2151	0.2720	0.1769	1.0000
43	0.9873	-0.0382	0.1542	0.0000	0.0365	0.9992	0.0141	0.0000	-0.1546	-0.0083	0.9879	0.0000	-0.2149	0.2721	0.1769	1.0000
44	0.9876	-0.0396	0.1519	0.0000	0.0379	0.9992	0.0146	0.0000	-0.1524	-0.0087	0.9883	0.0000	-0.2146	0.2722	0.1768	1.0000
45	0.9876	-0.0396	0.1519	0.0000	0.0379	0.9992	0.0146	0.0000	-0.1524	-0.0087	0.9883	0.0000	-0.2146	0.2722	0.1768	1.0000
46	0.9876	-0.0396	0.1519	0.0000	0.0379	0.9992	0.0146	0.0000	-0.1524	-0.0087	0.9883	0.0000	-0.2146	0.2722	0.1768	1.0000
47	0.9879	-0.0402	0.1498	0.0000	0.0384	0.9992	0.0150	0.0000	-0.1503	-0.0091	0.9886	0.0000	-0.2146	0.2724	0.1767	1.0000
48	0.9882	-0.0406	0.1475	0.0000	0.0387	0.9991	0.0159	0.0000	-0.1480	-0.0100	0.9889	0.0000	-0.2147	0.2724	0.1771	1.0000
49	0.9882	-0.0406	0.1475	0.0000	0.0387	0.9991	0.0159	0.0000	-0.1480	-0.0100	0.9889	0.0000	-0.2147	0.2724	0.1771	1.0000
50	0.9885	-0.0407	0.1456	0.0000	0.0388	0.9991	0.0157	0.0000	-0.1462	-0.0099	0.9892	0.0000	-0.2151	0.2728	0.1768	1.0000
51	0.9885	-0.0407	0.1456	0.0000	0.0388	0.9991	0.0157	0.0000	-0.1462	-0.0099	0.9892	0.0000	-0.2151	0.2728	0.1768	1.0000
52	0.9885	-0.0407	0.1456	0.0000	0.0388	0.9991	0.0157	0.0000	-0.1462	-0.0099	0.9892	0.0000	-0.2151	0.2728	0.1768	1.0000
53	0.9890	-0.0409	0.1421	0.0000	0.0391	0.9991	0.0152	0.0000	-0.1426	-0.0095	0.9897	0.0000	-0.2158	0.2732	0.1763	1.0000
54	0.9899	-0.0421	0.1356	0.0000	0.0403	0.9991	0.0156	0.0000	-0.1361	-0.0100	0.9906	0.0000	-0.2167	0.2729	0.1761	1.0000
55	0.9899	-0.0421	0.1356	0.0000	0.0403	0.9991	0.0156	0.0000	-0.1361	-0.0100	0.9906	0.0000	-0.2167	0.2729	0.1761	1.0000
56	0.9909	-0.0439	0.1274	0.0000	0.0423	0.9990	0.0159	0.0000	-0.1279	-0.0104	0.9917	0.0000	-0.2177	0.2731	0.1753	1.0000
57	0.9909	-0.0439	0.1274	0.0000	0.0423	0.9990	0.0159	0.0000	-0.1279	-0.0104	0.9917	0.0000	-0.2177	0.2731	0.1753	1.0000
58	0.9909	-0.0439	0.1274	0.0000	0.0423	0.9990	0.0159	0.0000	-0.1279	-0.0104	0.9917	0.0000	-0.2177	0.2731	0.1753	1.0000
59	0.9920	-0.0463	0.1175	0.0000	0.0448	0.9989	0.0161	0.0000	-0.1181	-0.0107	0.9929	0.0000	-0.2189	0.2732	0.1743	1.0000
60	0.9931	-0.0495	0.1059	0.0000	0.0481	0.9987	0.0157	0.0000	-0.1066	-0.0105	0.9943	0.0000	-0.2202	0.2731	0.1729	1.0000
61	0.9931	-0.0495	0.1059	0.0000	0.0481	0.9987	0.0157	0.0000	-0.1066	-0.0105	0.9943	0.0000	-0.2202	0.2731	0.1729	1.0000
62	0.9931	-0.0497	0.1059	0.0000	0.0483	0.9987	0.0163	0.0000	-0.1066	-0.0110	0.9942	0.0000	-0.2204	0.2720	0.1742	1.0000
63	0.9942	-0.0533	0.0935	0.0000	0.0520	0.9985	0.0161	0.0000	-0.0942	-0.0111	0.9955	0.0000	-0.2219	0.2718	0.1729	1.0000
64	0.9951	-0.0567	0.0816	0.0000	0.0556	0.9983	0.0162	0.0000	-0.0824	-0.0116	0.9965	0.0000	-0.2238	0.2715	0.1716	1.0000
65	0.9951	-0.0567	0.0816	0.0000	0.0556	0.9983	0.0162	0.0000	-0.0824	-0.0116	0.9965	0.0000	-0.2238	0.2715	0.1716	1.0000
66	0.9957	-0.0597	0.0710	0.0000	0.0587	0.9981	0.0164	0.0000	-0.0719	-0.0122	0.9973	0.0000	-0.2260	0.2713	0.1704	1.0000
67	0.9957	-0.0597	0.0710	0.0000	0.0587	0.9981	0.0164	0.0000	-0.0719	-0.0122	0.9973	0.0000	-0.2260	0.2713	0.1704	1.0000
68	0.9957	-0.0597	0.0710	0.0000	0.0587	0.9981	0.0164	0.0000	-0.0719	-0.0122	0.9973	0.0000	-0.2260	0.2713	0.1704	1.0000
69	0.9961	-0.0626	0.0624	0.0000	0.0618	0.9980	0.0160	0.0000	-0.0633	-0.0120	0.9979	0.0000	-0.2284	0.2705	0.1703	1.0000
70	0.9964	-0.0649	0.0548	0.0000	0.0642	0.9978	0.0148	0.0000	-0.0557	-0.0113	0.9984	0.0000	-0.2314	0.2703	0.1693	1.0000
71	0.9964	-0.0649	0.0548	0.0000	0.0642	0.9978	0.0148	0.0000	-0.0557	-0.0113	0.9984	0.0000	-0.2314	0.2703	0.1693	1.0000
72	0.9966	-0.0669	0.0471	0.0000	0.0664	0.9977	0.0136	0.0000	-0.0479	-0.0104	0.9988	0.0000	-0.2348	0.2702	0.1682	1.0000
73	0.9966	-0.0669	0.0471	0.0000	0.0664	0.9977	0.0136	0.0000	-0.0479	-0.0104	0.9988	0.0000	-0.2348	0.2702	0.1682	1.0000
74	0.9969	-0.0689	0.0388	0.0000	0.0684	0.9976	0.0127	0.0000	-0.0396	-0.0100	0.9992	0.0000	-0.2386	0.2702	0.1671	1.0000
75	0.9969	-0.0690	0.0387	0.0000	0.0686	0.9976	0.0127	0.0000	-0.0394	-0.0100	0.9992	0.0000	-0.2384	0.2699	0.1676	1.0000
76	0.9971	-0.0707	0.0293	0.0000	0.0704	0.9974	0.0118	0.0000	-0.0301	-0.0097	0.9995	0.0000	-0.2425	0.2700	0.1666	1.0000
77	0.9971	-0.0707	0.0293	0.0000	0.0704	0.9974	0.0118	0.0000	-0.0301	-0.0097	0.9995	0.0000	-0.2425	0.2700	0.1666	1.0000
78	0.9973	-0.0717	0.0189	0.0000	0.0715	0.9974	0.0114	0.0000	-0.0196	-0.0100	0.9998	0.0000	-0.2470	0.2703	0.1657	1.0000
79	0.9972	-0.0722	0.0188	0.0000	0.0720	0.9973	0.0112	0.0000	-0.0195	-0.0098	0.9998	0.0000	-0.2467	0.2708	0.1658	1.0000
80	0.9974	-0.0722	-0.0039	0.0000	0.0723	0.9973	0.0111	0.0000	0.0031	-0.0114	0.9999	0.0000	-0.2571	0.2720	0.1644	1.0000
81	0.9974	-0.0722	-0.0039	0.0000	0.0723	0.9973	0.0111	0.0000	0.0031	-0.0114	0.9999	0.0000	-0.2571	0.2720	0.1644	1.0000
82	0.9974	-0.0722	-0.0039	0.0000	0.0723	0.9973	0.0111	0.0000	0.0031	-0.0114	0.9999	0.0000	-0.2571	0.2720	0.1644	1.0000
83	0.9974	-0.0722	-0.0039	0.0000	0.0723	0.9973	0.0111	0.0000	0.0031	-0.0114	0.9999	0.0000	-0.2571	0.2720	0.1644	1.0000
84	0.9972	-0.0726	-0.0173	0.0000	0.0728	0.9973	0.0101	0.0000	0.0165	-0.0113	0.9998	0.0000	-0.2630	0.2727	0.1637	1.0000
85	0.9968	-0.0734	-0.0318	0.0000	0.0737	0.9972	0.0104	0.0000	0.0309	-0.0127	0.9994	0.0000	-0.2692	0.2734	0.1631	1.0000
86	0.9968	-0.0738	-0.0317	0.0000	0.0742	0.9972	0.0105	0.0000	0.0308	-0.0128	0.9994	0.0000	-0.2689	0.2733	0.1637	1.0000
87	0.9968	-0.0738	-0.0317	0.0000	0.0742	0.9972	0.0105	0.0000	0.0308	-0.0128	0.9994	0.0000	-0.2689	0.2733	0.1637	1.0000
88	0.9961	-0.0747	-0.0465	0.0000	0.0753	0.9971	0.0110	0.0000	0.0455	-0.0144	0.9989	0.0000	-0.2754	0.2740	0.1634	1.0000
89	0.9953	-0.0757	-0.0612	0.0000	0.0765	0.9970	0.0106	0.0000	0.0602	-0.0152	0.9981	0.0000	-0.2820	0.2747	0.1632	1.0000
90	0.9953	-0.0757	-0.0612	0.0000	0.0765	0.9970	0.0106	0.0000	0.0602	-0.0152	0.9981	0.0000	-0.2820	0.2747	0.1632	1.0000
91	0.9941	-0.0779	-0.0759	0.0000	0.0788	0.9968	0.0094	0.0000	0.0749	-0.0153	0.9971	0.0000	-0.2879	0.2756	0.1640	1.0000
92	0.9941	-0.0779	-0.0759	0.0000	0.0788	0.9968	0.0094	0.0000	0.0749	-0.0153	0.9971	0.0000	-0.2879	0.2756	0.1640	1.0000
93	0.9941	-0.0779	-0.0759	0.0000	0.0788	0.9968	0.0094	0.0000	0.0749	-0.0153	0.9971	0.0000	-0.2879	0.2756	0.1640	1.0000
94	0.9928	-0.0785	-0.0903	0.0000	0.0796	0.9968	0.0082	0.0000	0.0894	-0.0154	0.9959	0.0000	-0.2945	0.2762	0.1641	1.0000
95	0.9914	-0.0785	-0.1047	0.0000	0.0796	0.9968	0.0069	0.0000	0.1038	-0.0152	0.9945	0.0000	-0.3013	0.2767	0.1644	1.0000
96	0.9914	-0.0785	-0.1047	0.0000	0.0796	0.9968	0.0069	0.0000	0.1038	-0.0152	0.9945	0.0000	-0.3013	0.2767	0.1644	1.0000
97	0.9898	-0.0780	-0.1188	0.0000	0.0791	0.9969	0.0047	0.0000	0.1181	-0.0140	0.9929	0.0000	-0.3081	0.2772	0.1647	1.0000
98	0.9899	-0.0766	-0.1189	0.0000	0.0776	0.9970	0.0039	0.0000	0.1183	-0.0130	0.9929	0.0000	-0.3080	0.2773	0.1636	1.0000
99	0.9882	-0.0760	-0.1328	0.0000	0.0768	0.9970	0.0010	0.0000	0.1323	-0.0112	0.9911	0.0000	-0.3147	0.2775	0.1638	1.0000
100	0.9882	-0.0760	-0.1328	0.0000	0.0768	0.9970	0.0010	0.0000	0.1323	-0.0112	0.9911	0.0000	-0.3147	0.2775	0.1638	1.0000
101	0.9882	-0.0760	-0.1328	0.0000	0.0768	0.9970	0.0010	0.0000	0.1323	-0.0112	0.9911	0.0000	-0.3147	0.2775	0.1638	1.0000
102	0.9863	-0.0759	-0.1468	0.0000	0.0766	0.9971	-0.0012	0.0000	0.1464	-0.0101	0.9892	0.0000	-0.3214	0.2777	0.1641	1.0000
103	0.9863	-0.0759	-0.1468	0.0000	0.0766	0.9971	-0.0012	0.0000	0.1464	-0.0101	0.9892	0.0000	-0.3214	0.2777	0.1641	1.0000
104	0.9842	-0.0755	-0.1602	0.0000	0.0758	0.9971	-0.0043	0.0000	0.1601	-0.0079	0.9871	0.0000	-0.3280	0.2770	0.1636	1.0000
105	0.9819	-0.0756	-0.1739	0.0000	0.0756	0.9971	-0.0065	0.0000	0.1739	-0.0067	0.9847	0.0000	-0.3346	0.2770	0.1640	1.0000
106	0.9819	-0.0756	-0.1739	0.0000	0.0756	0.9971	-0.0065	0.0000	0.1739	-0.0067	0.9847	0.0000	-0.3346	0.2770	0.1640	1.0000
107	0.9819	-0.0756	-0.1739	0.0000	0.0756	0.9971	-0.0065	0.0000	0.1739	-0.0067	0.9847	0.0000	-0.3346	0.2770	0.1640	1.0000
108	0.9762	-0.0770	-0.2028	0.0000	0.0768	0.9970	-0.0088	0.0000	0.2029	-0.0070	0.9792	0.0000	-0.3480	0.2770	0.1651	1.0000
109	0.9762	-0.0770	-0.2028	0.0000	0.0768	0.9970	-0.0088	0.0000	0.2029	-0.0070	0.9792	0.0000	-0.3480	0.2770	0.1651	1.0000
110	0.9763	-0.0750	-0.2029	0.0000	0.0747	0.9972	-0.0093	0.0000	0.2030	-0.0061	0.9792	0.0000	-0.3484	0.2774	0.1636	1.0000
111	0.9733	-0.0758	-0.2167	0.0000	0.0752	0.9971	-0.0108	0.0000	0.2169	-0.0058	0.9762	0.0000	-0.3550	0.2774	0.1641	1.0000
112	0.9733	-0.0758	-0.2167	0.0000	0.0752	0.9971	-0.0108	0.0000	0.2169	-0.0058	0.9762	0.0000	-0.3550	0.2774	0.1641	1.0000
113	0.9702	-0.0765	-0.2300	0.0000	0.0759	0.9970	-0.0112	0.0000	0.2302	-0.0066	0.9731	0.0000	-0.3615	0.2777	0.1648	1.0000
114	0.9702	-0.0765	-0.2300	0.0000	0.0759	0.9970	-0.0112	0.0000	0.2302	-0.0066	0.9731	0.0000	-0.3615	0.2777	0.1648	1.0000
115	0.9702	-0.0765	-0.2300	0.0000	0.0759	0.9970	-0.0112	0.0000	0.2302	-0.0066	0.9731	0.0000	-0.3615	0.2777	0.1648	1.0000
116	0.9670	-0.0767	-0.2428	0.0000	0.0762	0.9970	-0.0115	0.0000	0.2429	-0.0074	0.9700	0.0000	-0.3680	0.2780	0.1658	1.0000
117	0.9643	-0.0734	-0.2546	0.0000	0.0729	0.9973	-0.0113	0.0000	0.2547	-0.0077	0.9670	0.0000	-0.3757	0.2766	0.1646	1.0000
118	0.9643	-0.0734	-0.2546	0.0000	0.0729	0.9973	-0.0113	0.0000	0.2547	-0.0077	0.9670	0.0000	-0.3757	0.2766	0.1646	1.0000
119	0.9615	-0.0720	-0.2650	0.0000	0.0714	0.9974	-0.0119	0.0000	0.2652	-0.0075	0.9642	0.0000	-0.3817	0.2769	0.1656	1.0000
120	0.9615	-0.0720	-0.2650	0.0000	0.0714	0.9974	-0.0119	0.0000	0.2652	-0.0075	0.9642	0.0000	-0.3817	0.2769	0.1656	1.0000
121	0.9593	-0.0699	-0.2735	0.0000	0.0695	0.9975	-0.0113	0.0000	0.2736	-0.0082	0.9618	0.0000	-0.3872	0.2770	0.1668	1.0000
122	0.9593	-0.0695	-0.2735	0.0000	0.0690	0.9976	-0.0118	0.0000	0.2737	-0.0075	0.9618	0.0000	-0.3866	0.2777	0.1666	1.0000
123	0.9576	-0.0682	-0.2800	0.0000	0.0676	0.9976	-0.0117	0.0000	0.2801	-0.0077	0.9599	0.0000	-0.3914	0.2777	0.1677	1.0000
124	0.9562	-0.0675	-0.2848	0.0000	0.0666	0.9977	-0.0129	0.0000	0.2850	-0.0067	0.9585	0.0000	-0.3954	0.2774	0.1688	1.0000
125	0.9562	-0.0675	-0.2848	0.0000	0.0666	0.9977	-0.0129	0.0000	0.2850	-0.0067	0.9585	0.0000	-0.3954	0.2774	0.1688	1.0000
126	0.9562	-0.0675	-0.2848	0.0000	0.0666	0.9977	-0.0129	0.0000	0.2850	-0.0067	0.9585	0.0000	-0.3954	0.2774	0.1688	1.0000
127	0.9557	-0.0660	-0.2868	0.0000	0.0646	0.9978	-0.0141	0.0000	0.2871	-0.0050	0.9579	0.0000	-0.3987	0.2756	0.1691	1.0000
128	0.9561	-0.0652	-0.2855	0.0000	0.0632	0.9979	-0.0163	0.0000	0.2860	-0.0025	0.9582	0.0000	-0.4005	0.2747	0.1700	1.0000
129	0.9561	-0.0652	-0.2855	0.0000	0.0632	0.9979	-0.0163	0.0000	0.2860	-0.0025	0.9582	0.0000	-0.4005	0.2747	0.1700	1.0000
130	0.9561	-0.0652	-0.2855	0.0000	0.0632	0.9979	-0.0163	0.0000	0.2860	-0.0025	0.9582	0.0000	-0.4005	0.2747	0.1700	1.0000
131	0.9575	-0.0643	-0.2811	0.0000	0.0615	0.9979	-0.0189	0.0000	0.2817	0.0008	0.9595	0.0000	-0.4011	0.2736	0.1709	1.0000
132	0.9575	-0.0643	-0.2811	0.0000	0.0615	0.9979	-0.0189	0.0000	0.2817	0.0008	0.9595	0.0000	-0.4011	0.2736	0.1709	1.0000
133	0.9598	-0.0597	-0.2741	0.0000	0.0559	0.9982	-0.0214	0.0000	0.2749	0.0053	0.9615	0.0000	-0.3993	0.2711	0.1682	1.0000
134	0.9598	-0.0597	-0.2741	0.0000	0.0559	0.9982	-0.0214	0.0000	0.2749	0.0053	0.9615	0.0000	-0.3993	0.2711	0.1682	1.0000
135	0.9624	-0.0578	-0.2656	0.0000	0.0537	0.9983	-0.0229	0.0000	0.2664	0.0078	0.9638	0.0000	-0.3978	0.2700	0.1688	1.0000
136	0.9624	-0.0578	-0.2656	0.0000	0.0537	0.9983	-0.0229	0.0000	0.2664	0.0078	0.9638	0.0000	-0.3978	0.2700	0.1688	1.0000
137	0.9652	-0.0550	-0.2557	0.0000	0.0504	0.9984	-0.0243	0.0000	0.2566	0.0106	0.9665	0.0000	-0.3954	0.2690	0.1693	1.0000
138	0.9652	-0.0550	-0.2557	0.0000	0.0504	0.9984	-0.0243	0.0000	0.2566	0.0106	0.9665	0.0000	-0.3954	0.2690	0.1693	1.0000
139	0.9687	-0.0508	-0.2429	0.0000	0.0459	0.9986	-0.0260	0.0000	0.2439	0.0140	0.9697	0.0000	-0.3919	0.2680	0.1699	1.0000
140	0.9722	-0.0448	-0.2300	0.0000	0.0395	0.9988	-0.0274	0.0000	0.2309	0.0175	0.9728	0.0000	-0.3870	0.2666	0.1677	1.0000
141	0.9722	-0.0448	-0.2300	0.0000	0.0395	0.9988	-0.0274	0.0000	0.2309	0.0175	0.9728	0.0000	-0.3870	0.2666	0.1677	1.0000
142	0.9722	-0.0448	-0.2300	0.0000	0.0395	0.9988	-0.0274	0.0000	0.2309	0.0175	0.9728	0.0000	-0.3870	0.2666	0.1677	1.0000
143	0.9754	-0.0414	-0.2165	0.0000	0.0361	0.9989	-0.0286	0.0000	0.2175	0.0200	0.9759	0.0000	-0.3828	0.2660	0.1684	1.0000
144	0.9786	-0.0392	-0.2018	0.0000	0.0339	0.9990	-0.0294	0.0000	0.2027	0.0219	0.9790	0.0000	-0.3781	0.2655	0.1692	1.0000
145	0.9822	-0.0380	-0.1838	0.0000	0.0329	0.9990	-0.0308	0.0000	0.1848	0.0243	0.9825	0.0000	-0.3729	0.2650	0.1703	1.0000
146	0.9824	-0.0373	-0.1833	0.0000	0.0323	0.9990	-0.0303	0.0000	0.1842	0.0239	0.9826	0.0000	-0.3733	0.2647	0.1690	1.0000
147	0.9824	-0.0373	-0.1833	0.0000	0.0323	0.9990	-0.0303	0.0000	0.1842	0.0239	0.9826	0.0000	-0.3733	0.2647	0.1690	1.0000
148	0.9824	-0.0373	-0.1833	0.0000	0.0323	0.9990	-0.0303	0.0000	0.1842	0.0239	0.9826	0.0000	-0.3733	0.2647	0.1690	1.0000
149	0.9863	-0.0353	-0.1612	0.0000	0.0306	0.9990	-0.0315	0.0000	0.1622	0.0261	0.9864	0.0000	-0.3676	0.2644	0.1704	1.0000
150	0.9901	-0.0311	-0.1368	0.0000	0.0271	0.9992	-0.0309	0.0000	0.1376	0.0269	0.9901	0.0000	-0.3615	0.2646	0.1723	1.0000
151	0.9902	-0.0305	-0.1363	0.0000	0.0266	0.9992	-0.0306	0.0000	0.1371	0.0267	0.9902	0.0000	-0.3615	0.2645	0.1707	1.0000
152	0.9935	-0.0244	-0.1112	0.0000	0.0212	0.9993	-0.0295	0.0000	0.1118	0.0269	0.9934	0.0000	-0.3549	0.2648	0.1728	1.0000
153	0.9935	-0.0244	-0.1112	0.0000	0.0212	0.9993	-0.0295	0.0000	0.1118	0.0269	0.9934	0.0000	-0.3549	0.2648	0.1728	1.0000
154	0.9935	-0.0244	-0.1112	0.0000	0.0212	0.9993	-0.0295	0.0000	0.1118	0.0269	0.9934	0.0000	-0.3549	0.2648	0.1728	1.0000
155	0.9959	-0.0172	-0.0887	0.0000	0.0147	0.9995	-0.0289	0.0000	0.0892	0.0275	0.9956	0.0000	-0.3490	0.2653	0.1749	1.0000
156	0.9980	-0.0080	-0.0627	0.0000	0.0063	0.9996	-0.0282	0.0000	0.0629	0.0277	0.9976	0.0000	-0.3418	0.2659	0.1776	1.0000
157	0.9980	-0.0080	-0.0627	0.0000	0.0063	0.9996	-0.0282	0.0000	0.0629	0.0277	0.9976	0.0000	-0.3418	0.2659	0.1776	1.0000
158	0.9980	-0.0079	-0.0625	0.0000	0.0061	0.9996	-0.0281	0.0000	0.0627	0.0276	0.9977	0.0000	-0.3421	0.2662	0.1771	1.0000
159	0.9993	0.0005	-0.0367	0.0000	-0.0015	0.9996	-0.0280	0.0000	0.0367	0.0281	0.9989	0.0000	-0.3347	0.2668	0.1798	1.0000
160	0.9999	0.0076	-0.0108	0.0000	-0.0079	0.9996	-0.0279	0.0000	0.0105	0.0280	0.9996	0.0000	-0.3270	0.2674	0.1826	1.0000
161	0.9999	0.0076	-0.0108	0.0000	-0.0079	0.9996	-0.0279	0.0000	0.0105	0.0280	0.9996	0.0000	-0.3270	0.2674	0.1826	1.0000
162	0.9998	0.0127	0.0147	0.0000	-0.0123	0.9995	-0.0286	0.0000	-0.0151	0.0285	0.9995	0.0000	-0.3192	0.2678	0.1854	1.0000
163	0.9998	0.0129	0.0150	0.0000	-0.0125	0.9995	-0.0285	0.0000	-0.0153	0.0283	0.9995	0.0000	-0.3197	0.2683	0.1851	1.0000
164	0.9991	0.0157	0.0391	0.0000	-0.0145	0.9994	-0.0304	0.0000	-0.0396	0.0298	0.9988	0.0000	-0.3118	0.2688	0.1878	1.0000
165	0.9991	0.0157	0.0391	0.0000	-0.0145	0.9994	-0.0304	0.0000	-0.0396	0.0298	0.9988	0.0000	-0.3118	0.2688	0.1878	1.0000
166	0.9979	0.0166	0.0625	0.0000	-0.0147	0.9994	-0.0316	0.0000	-0.0630	0.0306	0.9975	0.0000	-0.3037	0.2691	0.1906	1.0000
167	0.9979	0.0166	0.0625	0.0000	-0.0147	0.9994	-0.0316	0.0000	-0.0630	0.0306	0.9975	0.0000	-0.3037	0.2691	0.1906	1.0000
168	0.9963	0.0162	0.0847	0.0000	-0.0135	0.9994	-0.0314	0.0000	-0.0851	0.0301	0.9959	0.0000	-0.2958	0.2694	0.1937	1.0000
169	0.9963	0.0162	0.0847	0.0000	-0.0135	0.9994	-0.0314	0.0000	-0.0851	0.0301	0.9959	0.0000	-0.2958	0.2694	0.1937	1.0000
170	0.9942	0.0152	0.1065	0.0000	-0.0120	0.9995	-0.0309	0.0000	-0.1069	0.0294	0.9938	0.0000	-0.2884	0.2694	0.1965	1.0000
171	0.9942	0.0152	0.1065	0.0000	-0.0120	0.9995	-0.0309	0.0000	-0.1069	0.0294	0.9938	0.0000	-0.2884	0.2694	0.1965	1.0000
172	0.9942	0.0152	0.1065	0.0000	-0.0120	0.9995	-0.0309	0.0000	-0.1069	0.0294	0.9938	0.0000	-0.2884	0.2694	0.1965	1.0000
173	0.9917	0.0143	0.1280	0.0000	-0.0105	0.9995	-0.0298	0.0000	-0.1284	0.0282	0.9913	0.0000	-0.2807	0.2696	0.1999	1.0000
174	0.9886	0.0137	0.1501	0.0000	-0.0096	0.9996	-0.0283	0.0000	-0.1504	0.0265	0.9883	0.0000	-0.2730	0.2700	0.2033	1.0000
175	0.9886	0.0137	0.1501	0.0000	-0.0096	0.9996	-0.0283	0.0000	-0.1504	0.0265	0.9883	0.0000	-0.2730	0.2700	0.2033	1.0000
176	0.9847	0.0145	0.1738	0.0000	-0.0100	0.9996	-0.0267	0.0000	-0.1741	0.0245	0.9844	0.0000	-0.2661	0.2701	0.2076	1.0000
177	0.9847	0.0145	0.1738	0.0000	-0.0100	0.9996	-0.0267	0.0000	-0.1741	0.0245	0.9844	0.0000	-0.2661	0.2701	0.2076	1.0000
178	0.9799	0.0150	0.1987	0.0000	-0.0100	0.9996	-0.0261	0.0000	-0.1990	0.0236	0.9797	0.0000	-0.2587	0.2707	0.2114	1.0000
179	0.9799	0.0150	0.1987	0.0000	-0.0100	0.9996	-0.0261	0.0000	-0.1990	0.0236	0.9797	0.0000	-0.2587	0.2707	0.2114	1.0000
180	0.9745	0.0157	0.2239	0.0000	-0.0102	0.9996	-0.0254	0.0000	-0.2242	0.0225	0.9743	0.0000	-0.2515	0.2715	0.2153	1.0000
181	0.9745	0.0161	0.2240	0.0000	-0.0108	0.9996	-0.0248	0.0000	-0.2243	0.0218	0.9743	0.0000	-0.2513	0.2709	0.2158	1.0000
182	0.9685	0.0167	0.2486	0.0000	-0.0111	0.9997	-0.0236	0.0000	-0.2489	0.0201	0.9683	0.0000	-0.2441	0.2718	0.2200	1.0000
183	0.9685	0.0167	0.2486	0.0000	-0.0111	0.9997	-0.0236	0.0000	-0.2489	0.0201	0.9683	0.0000	-0.2441	0.2718	0.2200	1.0000
184	0.9622	0.0173	0.2719	0.0000	-0.0117	0.9997	-0.0222	0.0000	-0.2722	0.0182	0.9621	0.0000	-0.2368	0.2727	0.2242	1.0000
185	0.9558	0.0180	0.2936	0.0000	-0.0124	0.9997	-0.0207	0.0000	-0.2939	0.0162	0.9557	0.0000	-0.2297	0.2737	0.2285	1.0000
186	0.9558	0.0180	0.2936	0.0000	-0.0124	0.9997	-0.0207	0.0000	-0.2939	0.0162	0.9557	0.0000	-0.2297	0.2737	0.2285	1.0000
187	0.9491	0.0187	0.3145	0.0000	-0.0137	0.9997	-0.0181	0.0000	-0.3148	0.0129	0.9491	0.0000	-0.2221	0.2744	0.2338	1.0000
188	0.9491	0.0187	0.3145	0.0000	-0.0137	0.9997	-0.0181	0.0000	-0.3148	0.0129	0.9491	0.0000	-0.2221	0.2744	0.2338	1.0000
189	0.9419	0.0188	0.3354	0.0000	-0.0138	0.9998	-0.0171	0.0000	-0.3356	0.0115	0.9419	0.0000	-0.2153	0.2754	0.2383	1.0000
190	0.9419	0.0188	0.3354	0.0000	-0.0138	0.9998	-0.0171	0.0000	-0.3356	0.0115	0.9419	0.0000	-0.2153	0.2754	0.2383	1.0000
191	0.9419	0.0188	0.3354	0.0000	-0.0138	0.9998	-0.0171	0.0000	-0.3356	0.0115	0.9419	0.0000	-0.2153	0.2754	0.2383	1.0000
192	0.9343	0.0183	0.3561	0.0000	-0.0136	0.9998	-0.0158	0.0000	-0.3563	0.0099	0.9343	0.0000	-0.2087	0.2765	0.2427	1.0000
193	0.9262	0.0176	0.3767	0.0000	-0.0134	0.9998	-0.0135	0.0000	-0.3769	0.0075	0.9262	0.0000	-0.2024	0.2775	0.2473	1.0000
194	0.9261	0.0193	0.3768	0.0000	-0.0154	0.9998	-0.0133	0.0000	-0.3770	0.0065	0.9262	0.0000	-0.2027	0.2768	0.2493	1.0000
195	0.9171	0.0187	0.3982	0.0000	-0.0154	0.9998	-0.0114	0.0000	-0.3983	0.0043	0.9172	0.0000	-0.1967	0.2777	0.2542	1.0000
196	0.9171	0.0187	0.3982	0.0000	-0.0154	0.9998	-0.0114	0.0000	-0.3983	0.0043	0.9172	0.0000	-0.1967	0.2777	0.2542	1.0000
197	0.9071	0.0188	0.4205	0.0000	-0.0161	0.9998	-0.0100	0.0000	-0.4206	0.0023	0.9072	0.0000	-0.1908	0.2787	0.2592	1.0000
198	0.9071	0.0188	0.4205	0.0000	-0.0161	0.9998	-0.0100	0.0000	-0.4206	0.0023	0.9072	0.0000	-0.1908	0.2787	0.2592	1.0000
199	0.8963	0.0192	0.4431	0.0000	-0.0168	0.9998	-0.0093	0.0000	-0.4432	0.0008	0.8964	0.0000	-0.1851	0.2796	0.2642	1.0000
200	0.8963	0.0192	0.4431	0.0000	-0.0168	0.9998	-0.0093	0.0000	-0.4432	0.0008	0.8964	0.0000	-0.1851	0.2796	0.2642	1.0000
201	0.8850	0.0207	0.4651	0.0000	-0.0191	0.9998	-0.0081	0.0000	-0.4652	-0.0017	0.8852	0.0000	-0.1800	0.2795	0.2709	1.0000
202	0.8850	0.0207	0.4651	0.0000	-0.0191	0.9998	-0.0081	0.0000	-0.4652	-0.0017	0.8852	0.0000	-0.1800	0.2795	0.2709	1.0000
203	0.8850	0.0207	0.4651	0.0000	-0.0191	0.9998	-0.0081	0.0000	-0.4652	-0.0017	0.8852	0.0000	-0.1800	0.2795	0.2709	1.0000
204	0.8738	0.0204	0.4859	0.0000	-0.0198	0.9998	-0.0065	0.0000	-0.4859	-0.0039	0.8740	0.0000	-0.1746	0.2802	0.2764	1.0000
205	0.8738	0.0204	0.4859	0.0000	-0.0198	0.9998	-0.0065	0.0000	-0.4859	-0.0039	0.8740	0.0000	-0.1746	0.2802	0.2764	1.0000
206	0.8624	0.0202	0.5058	0.0000	-0.0205	0.9998	-0.0051	0.0000	-0.5058	-0.0060	0.8626	0.0000	-0.1689	0.2811	0.2830	1.0000
207	0.8507	0.0191	0.5253	0.0000	-0.0200	0.9998	-0.0041	0.0000	-0.5253	-0.0070	0.8509	0.0000	-0.1634	0.2815	0.2888	1.0000
208	0.8507	0.0191	0.5253	0.0000	-0.0200	0.9998	-0.0041	0.0000	-0.5253	-0.0070	0.8509	0.0000	-0.1634	0.2815	0.2888	1.0000
209	0.8507	0.0191	0.5253	0.0000	-0.0200	0.9998	-0.0041	0.0000	-0.5253	-0.0070	0.8509	0.0000	-0.1634	0.2815	0.2888	1.0000
210	0.8383	0.0182	0.5449	0.0000	-0.0191	0.9998	-0.0039	0.0000	-0.5449	-0.0071	0.8385	0.0000	-0.1580	0.2818	0.2948	1.0000
211	0.8247	0.0182	0.5652	0.0000	-0.0187	0.9998	-0.0048	0.0000	-0.5652	-0.0067	0.8249	0.0000	-0.1526	0.2819	0.3011	1.0000
212	0.8247	0.0186	0.5652	0.0000	-0.0191	0.9998	-0.0049	0.0000	-0.5652	-0.0067	0.8249	0.0000	-0.1525	0.2823	0.3019	1.0000
213	0.8247	0.0186	0.5652	0.0000	-0.0191	0.9998	-0.0049	0.0000	-0.5652	-0.0067	0.8249	0.0000	-0.1525	0.2823	0.3019	1.0000
214	0.8104	0.0190	0.5856	0.0000	-0.0191	0.9998	-0.0060	0.0000	-0.5856	-0.0063	0.8106	0.0000	-0.1473	0.2824	0.3084	1.0000
215	0.7960	0.0192	0.6050	0.0000	-0.0186	0.9998	-0.0073	0.0000	-0.6051	-0.0054	0.7962	0.0000	-0.1422	0.2822	0.3151	1.0000
216	0.7960	0.0192	0.6050	0.0000	-0.0186	0.9998	-0.0073	0.0000	-0.6051	-0.0054	0.7962	0.0000	-0.1422	0.2822	0.3151	1.0000
217	0.7812	0.0195	0.6239	0.0000	-0.0176	0.9998	-0.0092	0.0000	-0.6240	-0.0038	0.7814	0.0000	-0.1373	0.2820	0.3219	1.0000
218	0.7811	0.0198	0.6241	0.0000	-0.0182	0.9998	-0.0090	0.0000	-0.6241	-0.0043	0.7813	0.0000	-0.1374	0.2817	0.3226	1.0000
219	0.7811	0.0198	0.6241	0.0000	-0.0182	0.9998	-0.0090	0.0000	-0.6241	-0.0043	0.7813	0.0000	-0.1374	0.2817	0.3226	1.0000
220	0.7659	0.0201	0.6426	0.0000	-0.0172	0.9998	-0.0108	0.0000	-0.6427	-0.0028	0.7661	0.0000	-0.1326	0.2815	0.3296	1.0000
221	0.7507	0.0202	0.6603	0.0000	-0.0161	0.9998	-0.0122	0.0000	-0.6605	-0.0014	0.7509	0.0000	-0.1282	0.2813	0.3367	1.0000
222	0.7507	0.0202	0.6603	0.0000	-0.0161	0.9998	-0.0122	0.0000	-0.6605	-0.0014	0.7509	0.0000	-0.1282	0.2813	0.3367	1.0000
223	0.7356	0.0202	0.6771	0.0000	-0.0151	0.9998	-0.0135	0.0000	-0.6772	-0.0003	0.7358	0.0000	-0.1240	0.2812	0.3439	1.0000
224	0.7356	0.0202	0.6771	0.0000	-0.0151	0.9998	-0.0135	0.0000	-0.6772	-0.0003	0.7358	0.0000	-0.1240	0.2812	0.3439	1.0000
225	0.7205	0.0203	0.6932	0.0000	-0.0145	0.9998	-0.0142	0.0000	-0.6933	0.0002	0.7206	0.0000	-0.1201	0.2811	0.3510	1.0000
226	0.7205	0.0203	0.6932	0.0000	-0.0145	0.9998	-0.0142	0.0000	-0.6933	0.0002	0.7206	0.0000	-0.1201	0.2811	0.3510	1.0000
227	0.7059	0.0195	0.7080	0.0000	-0.0132	0.9998	-0.0144	0.0000	-0.7082	0.0009	0.7060	0.0000	-0.1163	0.2812	0.3583	1.0000
228	0.6912	0.0182	0.7224	0.0000	-0.0116	0.9998	-0.0140	0.0000	-0.7225	0.0013	0.6913	0.0000	-0.1127	0.2813	0.3655	1.0000
229	0.6912	0.0184	0.7225	0.0000	-0.0118	0.9998	-0.0141	0.0000	-0.7226	0.0012	0.6913	0.0000	-0.1130	0.2810	0.3656	1.0000
230	0.6912	0.0184	0.7225	0.0000	-0.0118	0.9998	-0.0141	0.0000	-0.7226	0.0012	0.6913	0.0000	-0.1130	0.2810	0.3656	1.0000
231	0.6761	0.0169	0.7366	0.0000	-0.0106	0.9999	-0.0132	0.0000	-0.7367	0.0011	0.6762	0.0000	-0.1096	0.2811	0.3730	1.0000
232	0.6761	0.0169	0.7366	0.0000	-0.0106	0.9999	-0.0132	0.0000	-0.7367	0.0011	0.6762	0.0000	-0.1096	0.2811	0.3730	1.0000
233	0.6624	0.0159	0.7490	0.0000	-0.0099	0.9999	-0.0125	0.0000	-0.7491	0.0009	0.6625	0.0000	-0.1069	0.2812	0.3794	1.0000
234	0.6624	0.0159	0.7490	0.0000	-0.0099	0.9999	-0.0125	0.0000	-0.7491	0.0009	0.6625	0.0000	-0.1069	0.2812	0.3794	1.0000
235	0.6455	0.0151	0.7636	0.0000	-0.0093	0.9999	-0.0118	0.0000	-0.7637	0.0005	0.6456	0.0000	-0.1042	0.2814	0.3867	1.0000
236	0.6455	0.0151	0.7636	0.0000	-0.0093	0.9999	-0.0118	0.0000	-0.7637	0.0005	0.6456	0.0000	-0.1042	0.2814	0.3867	1.0000
237	0.6273	0.0145	0.7786	0.0000	-0.0084	0.9999	-0.0119	0.0000	-0.7787	0.0009	0.6274	0.0000	-0.1020	0.2812	0.3939	1.0000
238	0.6273	0.0145	0.7786	0.0000	-0.0084	0.9999	-0.0119	0.0000	-0.7787	0.0009	0.6274	0.0000	-0.1020	0.2812	0.3939	1.0000
239	0.6088	0.0142	0.7932	0.0000	-0.0072	0.9999	-0.0123	0.0000	-0.7933	0.0017	0.6088	0.0000	-0.0998	0.2812	0.4012	1.0000
240	0.5925	0.0141	0.8054	0.0000	-0.0062	0.9999	-0.0130	0.0000	-0.8055	0.0027	0.5925	0.0000	-0.0980	0.2811	0.4074	1.0000
241	0.5925	0.0141	0.8054	0.0000	-0.0062	0.9999	-0.0130	0.0000	-0.8055	0.0027	0.5925	0.0000	-0.0980	0.2811	0.4074	1.0000
242	0.5737	0.0141	0.8190	0.0000	-0.0048	0.9999	-0.0139	0.0000	-0.8191	0.0041	0.5737	0.0000	-0.0961	0.2817	0.4156	1.0000
243	0.5737	0.0141	0.8190	0.0000	-0.0048	0.9999	-0.0139	0.0000	-0.8191	0.0041	0.5737	0.0000	-0.0961	0.2817	0.4156	1.0000
244	0.5737	0.0141	0.8190	0.0000	-0.0048	0.9999	-0.0139	0.0000	-0.8191	0.0041	0.5737	0.0000	-0.0961	0.2817	0.4156	1.0000
245	0.5544	0.0142	0.8321	0.0000	-0.0028	0.9999	-0.0152	0.0000	-0.8322	0.0061	0.5544	0.0000	-0.0945	0.2815	0.4227	1.0000
246	0.5349	0.0142	0.8448	0.0000	-0.0011	0.9999	-0.0161	0.0000	-0.8449	0.0077	0.5349	0.0000	-0.0930	0.2811	0.4298	1.0000
247	0.5349	0.0142	0.8448	0.0000	-0.0011	0.9999	-0.0161	0.0000	-0.8449	0.0077	0.5349	0.0000	-0.0930	0.2811	0.4298	1.0000
248	0.5151	0.0138	0.8570	0.0000	0.0014	0.9999	-0.0170	0.0000	-0.8571	0.0099	0.5150	0.0000	-0.0916	0.2807	0.4367	1.0000
249	0.5152	0.0134	0.8570	0.0000	0.0012	0.9999	-0.0163	0.0000	-0.8571	0.0094	0.5151	0.0000	-0.0905	0.2815	0.4382	1.0000
250	0.5152	0.0134	0.8570	0.0000	0.0012	0.9999	-0.0163	0.0000	-0.8571	0.0094	0.5151	0.0000	-0.0905	0.2815	0.4382	1.0000
251	0.4948	0.0127	0.8689	0.0000	0.0046	0.9998	-0.0172	0.0000	-0.8690	0.0125	0.4946	0.0000	-0.0890	0.2811	0.4452	1.0000
252	0.4740	0.0121	0.8804	0.0000	0.0076	0.9998	-0.0178	0.0000	-0.8805	0.0151	0.4738	0.0000	-0.0878	0.2808	0.4522	1.0000
253	0.4741	0.0124	0.8804	0.0000	0.0073	0.9998	-0.0180	0.0000	-0.8805	0.0149	0.4739	0.0000	-0.0880	0.2813	0.4531	1.0000
254	0.4527	0.0122	0.8916	0.0000	0.0105	0.9998	-0.0190	0.0000	-0.8916	0.0180	0.4525	0.0000	-0.0868	0.2809	0.4603	1.0000
255	0.4527	0.0122	0.8916	0.0000	0.0105	0.9998	-0.0190	0.0000	-0.8916	0.0180	0.4525	0.0000	-0.0868	0.2809	0.4603	1.0000
256	0.4312	0.0122	0.9022	0.0000	0.0135	0.9997	-0.0200	0.0000	-0.9022	0.0208	0.4309	0.0000	-0.0858	0.2805	0.4676	1.0000
257	0.4312	0.0122	0.9022	0.0000	0.0135	0.9997	-0.0200	0.0000	-0.9022	0.0208	0.4309	0.0000	-0.0858	0.2805	0.4676	1.0000
258	0.4069	0.0132	0.9134	0.0000	0.0159	0.9996	-0.0215	0.0000	-0.9133	0.0233	0.4065	0.0000	-0.0855	0.2792	0.4762	1.0000
259	0.4069	0.0132	0.9134	0.0000	0.0159	0.9996	-0.0215	0.0000	-0.9133	0.0233	0.4065	0.0000	-0.0855	0.2792	0.4762	1.0000
260	0.3859	0.0140	0.9224	0.0000	0.0174	0.9996	-0.0224	0.0000	-0.9224	0.0247	0.3856	0.0000	-0.0849	0.2788	0.4837	1.0000
261	0.3859	0.0140	0.9224	0.0000	0.0174	0.9996	-0.0224	0.0000	-0.9224	0.0247	0.3856	0.0000	-0.0849	0.2788	0.4837	1.0000
262	0.3658	0.0145	0.9306	0.0000	0.0195	0.9995	-0.0232	0.0000	-0.9305	0.0266	0.3653	0.0000	-0.0845	0.2784	0.4912	1.0000
263	0.3658	0.0145	0.9306	0.0000	0.0195	0.9995	-0.0232	0.0000	-0.9305	0.0266	0.3653	0.0000	-0.0845	0.2784	0.4912	1.0000
264	0.3464	0.0155	0.9379	0.0000	0.0205	0.9995	-0.0241	0.0000	-0.9379	0.0276	0.3459	0.0000	-0.0843	0.2805	0.5020	1.0000
265	0.3464	0.0155	0.9379	0.0000	0.0205	0.9995	-0.0241	0.0000	-0.9379	0.0276	0.3459	0.0000	-0.0843	0.2805	0.5020	1.0000
266	0.3254	0.0159	0.9455	0.0000	0.0230	0.9994	-0.0248	0.0000	-0.9453	0.0298	0.3248	0.0000	-0.0840	0.2803	0.5103	1.0000
267	0.3254	0.0159	0.9455	0.0000	0.0230	0.9994	-0.0248	0.0000	-0.9453	0.0298	0.3248	0.0000	-0.0840	0.2803	0.5103	1.0000
268	0.3075	0.0156	0.9514	0.0000	0.0258	0.9994	-0.0248	0.0000	-0.9512	0.0322	0.3069	0.0000	-0.0839	0.2801	0.5175	1.0000
269	0.3075	0.0156	0.9514	0.0000	0.0258	0.9994	-0.0248	0.0000	-0.9512	0.0322	0.3069	0.0000	-0.0839	0.2801	0.5175	1.0000
270	0.2898	0.0152	0.9570	0.0000	0.0277	0.9993	-0.0242	0.0000	-0.9567	0.0335	0.2891	0.0000	-0.0844	0.2800	0.5268	1.0000
271	0.2898	0.0152	0.9570	0.0000	0.0277	0.9993	-0.0242	0.0000	-0.9567	0.0335	0.2891	0.0000	-0.0844	0.2800	0.5268	1.0000
272	0.2707	0.0146	0.9625	0.0000	0.0306	0.9992	-0.0238	0.0000	-0.9622	0.0359	0.2701	0.0000	-0.0848	0.2797	0.5337	1.0000
273	0.2707	0.0146	0.9625	0.0000	0.0306	0.9992	-0.0238	0.0000	-0.9622	0.0359	0.2701	0.0000	-0.0848	0.2797	0.5337	1.0000
274	0.2517	0.0153	0.9677	0.0000	0.0327	0.9992	-0.0243	0.0000	-0.9673	0.0377	0.2510	0.0000	-0.0854	0.2793	0.5404	1.0000
275	0.2517	0.0153	0.9677	0.0000	0.0327	0.9992	-0.0243	0.0000	-0.9673	0.0377	0.2510	0.0000	-0.0854	0.2793	0.5404	1.0000
276	0.2331	0.0157	0.9723	0.0000	0.0344	0.9991	-0.0244	0.0000	-0.9718	0.0392	0.2324	0.0000	-0.0838	0.2786	0.5493	1.0000
277	0.2331	0.0157	0.9723	0.0000	0.0344	0.9991	-0.0244	0.0000	-0.9718	0.0392	0.2324	0.0000	-0.0838	0.2786	0.5493	1.0000
278	0.2141	0.0170	0.9767	0.0000	0.0379	0.9989	-0.0257	0.0000	-0.9761	0.0426	0.2133	0.0000	-0.0843	0.2782	0.5558	1.0000
279	0.2141	0.0170	0.9767	0.0000	0.0379	0.9989	-0.0257	0.0000	-0.9761	0.0426	0.2133	0.0000	-0.0843	0.2782	0.5558	1.0000
280	0.1931	0.0194	0.9810	0.0000	0.0391	0.9989	-0.0274	0.0000	-0.9804	0.0436	0.1921	0.0000	-0.0850	0.2779	0.5630	1.0000
281	0.1931	0.0194	0.9810	0.0000	0.0391	0.9989	-0.0274	0.0000	-0.9804	0.0436	0.1921	0.0000	-0.0850	0.2779	0.5630	1.0000
282	0.1750	0.0208	0.9843	0.0000	0.0397	0.9988	-0.0282	0.0000	-0.9838	0.0440	0.1740	0.0000	-0.0857	0.2775	0.5694	1.0000
283	0.1749	0.0206	0.9844	0.0000	0.0402	0.9988	-0.0281	0.0000	-0.9838	0.0445	0.1739	0.0000	-0.0861	0.2751	0.5667	1.0000
284	0.1568	0.0208	0.9874	0.0000	0.0429	0.9987	-0.0278	0.0000	-0.9867	0.0467	0.1557	0.0000	-0.0866	0.2744	0.5731	1.0000
285	0.1568	0.0208	0.9874	0.0000	0.0429	0.9987	-0.0278	0.0000	-0.9867	0.0467	0.1557	0.0000	-0.0866	0.2744	0.5731	1.0000
286	0.1370	0.0212	0.9903	0.0000	0.0452	0.9986	-0.0277	0.0000	-0.9895	0.0486	0.1358	0.0000	-0.0873	0.2737	0.5797	1.0000
287	0.1370	0.0212	0.9903	0.0000	0.0452	0.9986	-0.0277	0.0000	-0.9895	0.0486	0.1358	0.0000	-0.0873	0.2737	0.5797	1.0000
288	0.1159	0.0221	0.9930	0.0000	0.0466	0.9985	-0.0277	0.0000	-0.9922	0.0495	0.1147	0.0000	-0.0876	0.2727	0.5850	1.0000
289	0.1159	0.0221	0.9930	0.0000	0.0466	0.9985	-0.0277	0.0000	-0.9922	0.0495	0.1147	0.0000	-0.0876	0.2727	0.5850	1.0000
290	0.0946	0.0240	0.9952	0.0000	0.0477	0.9985	-0.0286	0.0000	-0.9944	0.0502	0.0933	0.0000	-0.0882	0.2725	0.5917	1.0000
291	0.0946	0.0240	0.9952	0.0000	0.0477	0.9985	-0.0286	0.0000	-0.9944	0.0502	0.0933	0.0000	-0.0882	0.2725	0.5917	1.0000
292	0.0738	0.0265	0.9969	0.0000	0.0477	0.9984	-0.0301	0.0000	-0.9961	0.0498	0.0724	0.0000	-0.0888	0.2727	0.5985	1.0000
293	0.0553	0.0285	0.9981	0.0000	0.0475	0.9984	-0.0311	0.0000	-0.9973	0.0491	0.0539	0.0000	-0.0892	0.2733	0.6053	1.0000
294	0.0553	0.0285	0.9981	0.0000	0.0475	0.9984	-0.0311	0.0000	-0.9973	0.0491	0.0539	0.0000	-0.0892	0.2733	0.6053	1.0000
295	0.0554	0.0290	0.9980	0.0000	0.0479	0.9984	-0.0316	0.0000	-0.9973	0.0495	0.0539	0.0000	-0.0909	0.2746	0.6040	1.0000
296	0.0407	0.0298	0.9987	0.0000	0.0473	0.9984	-0.0317	0.0000	-0.9981	0.0485	0.0392	0.0000	-0.0914	0.2756	0.6105	1.0000
297	0.0407	0.0298	0.9987	0.0000	0.0473	0.9984	-0.0317	0.0000	-0.9981	0.0485	0.0392	0.0000	-0.0914	0.2756	0.6105	1.0000
298	0.0286	0.0298	0.9991	0.0000	0.0460	0.9985	-0.0311	0.0000	-0.9985	0.0469	0.0272	0.0000	-0.0920	0.2769	0.6167	1.0000
299	0.0173	0.0296	0.9994	0.0000	0.0441	0.9986	-0.0304	0.0000	-0.9989	0.0446	0.0159	0.0000	-0.0927	0.2784	0.6225	1.0000
300	0.0173	0.0296	0.9994	0.0000	0.0441	0.9986	-0.0304	0.0000	-0.9989	0.0446	0.0159	0.0000	-0.0927	0.2784	0.6225	1.0000
301	0.0063	0.0303	0.9995	0.0000	0.0426	0.9986	-0.0306	0.0000	-0.9991	0.0427	0.0050	0.0000	-0.0955	0.2794	0.6285	1.0000
302	0.0063	0.0303	0.9995	0.0000	0.0426	0.9986	-0.0306	0.0000	-0.9991	0.0427	0.0050	0.0000	-0.0955	0.2794	0.6285	1.0000
303	-0.0024	0.0302	0.9995	0.0000	0.0391	0.9988	-0.0301	0.0000	-0.9992	0.0390	-0.0035	0.0000	-0.0965	0.2808	0.6330	1.0000
304	-0.0024	0.0302	0.9995	0.0000	0.0391	0.9988	-0.0301	0.0000	-0.9992	0.0390	-0.0035	0.0000	-0.0965	0.2808	0.6330	1.0000
305	-0.0062	0.0287	0.9996	0.0000	0.0362	0.9989	-0.0284	0.0000	-0.9993	0.0360	-0.0072	0.0000	-0.0974	0.2819	0.6365	1.0000
306	-0.0062	0.0287	0.9996	0.0000	0.0362	0.9989	-0.0284	0.0000	-0.9993	0.0360	-0.0072	0.0000	-0.0974	0.2819	0.6365	1.0000
307	-0.0066	0.0262	0.9996	0.0000	0.0337	0.9991	-0.0259	0.0000	-0.9994	0.0335	-0.0075	0.0000	-0.1002	0.2843	0.6348	1.0000
308	-0.0066	0.0262	0.9996	0.0000	0.0337	0.9991	-0.0259	0.0000	-0.9994	0.0335	-0.0075	0.0000	-0.1002	0.2843	0.6348	1.0000
309	-0.0042	0.0228	0.9997	0.0000	0.0298	0.9993	-0.0226	0.0000	-0.9995	0.0297	-0.0049	0.0000	-0.1009	0.2854	0.6371	1.0000
310	-0.0042	0.0228	0.9997	0.0000	0.0298	0.9993	-0.0226	0.0000	-0.9995	0.0297	-0.0049	0.0000	-0.1009	0.2854	0.6371	1.0000
311	0.0008	0.0191	0.9998	0.0000	0.0260	0.9995	-0.0191	0.0000	-0.9997	0.0260	0.0003	0.0000	-0.1013	0.2862	0.6386	1.0000
312	0.0008	0.0191	0.9998	0.0000	0.0260	0.9995	-0.0191	0.0000	-0.9997	0.0260	0.0003	0.0000	-0.1013	0.2862	0.6386	1.0000
313	0.0077	0.0152	0.9999	0.0000	0.0239	0.9996	-0.0154	0.0000	-0.9997	0.0240	0.0073	0.0000	-0.1031	0.2875	0.6358	1.0000
314	0.0077	0.0152	0.9999	0.0000	0.0239	0.9996	-0.0154	0.0000	-0.9997	0.0240	0.0073	0.0000	-0.1031	0.2875	0.6358	1.0000
315	0.0165	0.0109	0.9998	0.0000	0.0231	0.9997	-0.0113	0.0000	-0.9996	0.0233	0.0163	0.0000	-0.1030	0.2883	0.6349	1.0000
316	0.0165	0.0109	0.9998	0.0000	0.0231	0.9997	-0.0113	0.0000	-0.9996	0.0233	0.0163	0.0000	-0.1030	0.2883	0.6349	1.0000
317	0.0294	0.0065	0.9995	0.0000	0.0220	0.9997	-0.0072	0.0000	-0.9993	0.0222	0.0293	0.0000	-0.1030	0.2891	0.6329	1.0000
318	0.0294	0.0065	0.9995	0.0000	0.0220	0.9997	-0.0072	0.0000	-0.9993	0.0222	0.0293	0.0000	-0.1030	0.2891	0.6329	1.0000
319	0.0491	0.0012	0.9988	0.0000	0.0207	0.9998	-0.0022	0.0000	-0.9986	0.0208	0.0491	0.0000	-0.1017	0.2890	0.6221	1.0000
320	0.0491	0.0012	0.9988	0.0000	0.0207	0.9998	-0.0022	0.0000	-0.9986	0.0208	0.0491	0.0000	-0.1017	0.2890	0.6221	1.0000
321	0.0746	-0.0054	0.9972	0.0000	0.0181	0.9998	0.0041	0.0000	-0.9970	0.0177	0.0747	0.0000	-0.1012	0.2898	0.6174	1.0000
322	0.0746	-0.0054	0.9972	0.0000	0.0181	0.9998	0.0041	0.0000	-0.9970	0.0177	0.0747	0.0000	-0.1012	0.2898	0.6174	1.0000
323	0.1045	-0.0131	0.9944	0.0000	0.0138	0.9998	0.0117	0.0000	-0.9944	0.0126	0.1046	0.0000	-0.1006	0.2907	0.6113	1.0000
324	0.1047	-0.0129	0.9944	0.0000	0.0144	0.9998	0.0115	0.0000	-0.9944	0.0132	0.1049	0.0000	-0.1013	0.2880	0.5997	1.0000
325	0.1379	-0.0209	0.9902	0.0000	0.0112	0.9997	0.0195	0.0000	-0.9904	0.0084	0.1381	0.0000	-0.1005	0.2886	0.5918	1.0000
326	0.1379	-0.0209	0.9902	0.0000	0.0112	0.9997	0.0195	0.0000	-0.9904	0.0084	0.1381	0.0000	-0.1005	0.2886	0.5918	1.0000
327	0.1722	-0.0274	0.9847	0.0000	0.0106	0.9996	0.0260	0.0000	-0.9850	0.0060	0.1724	0.0000	-0.0995	0.2889	0.5827	1.0000
328	0.1722	-0.0274	0.9847	0.0000	0.0106	0.9996	0.0260	0.0000	-0.9850	0.0060	0.1724	0.0000	-0.0995	0.2889	0.5827	1.0000
329	0.2058	-0.0310	0.9781	0.0000	0.0111	0.9995	0.0293	0.0000	-0.9785	0.0048	0.2060	0.0000	-0.0986	0.2894	0.5727	1.0000
330	0.2061	-0.0307	0.9780	0.0000	0.0111	0.9995	0.0290	0.0000	-0.9785	0.0048	0.2064	0.0000	-0.1005	0.2878	0.5706	1.0000
331	0.2406	-0.0316	0.9701	0.0000	0.0108	0.9995	0.0299	0.0000	-0.9706	0.0033	0.2408	0.0000	-0.0998	0.2883	0.5597	1.0000
332	0.2406	-0.0316	0.9701	0.0000	0.0108	0.9995	0.0299	0.0000	-0.9706	0.0033	0.2408	0.0000	-0.0998	0.2883	0.5597	1.0000
333	0.2780	-0.0320	0.9601	0.0000	0.0098	0.9995	0.0305	0.0000	-0.9605	0.0010	0.2781	0.0000	-0.0991	0.2887	0.5482	1.0000
