0	0.9958	0.0268	0.0874	0.0000	-0.0279	0.9996	0.0108	0.0000	-0.0871	-0.0132	0.9961	0.0000	-0.4927	0.0147	1.4472	1.0000
1	0.9961	0.0236	0.0850	0.0000	-0.0244	0.9997	0.0081	0.0000	-0.0848	-0.0102	0.9964	0.0000	-0.4905	0.0134	1.4457	1.0000
2	0.9961	0.0236	0.0850	0.0000	-0.0244	0.9997	0.0081	0.0000	-0.0848	-0.0102	0.9964	0.0000	-0.4905	0.0134	1.4457	1.0000
3	0.9966	0.0191	0.0798	0.0000	-0.0193	0.9998	0.0018	0.0000	-0.0798	-0.0033	0.9968	0.0000	-0.4887	0.0119	1.4434	1.0000
4	0.9966	0.0191	0.0798	0.0000	-0.0193	0.9998	0.0018	0.0000	-0.0798	-0.0033	0.9968	0.0000	-0.4887	0.0119	1.4434	1.0000
5	0.9969	0.0146	0.0771	0.0000	-0.0136	0.9998	-0.0140	0.0000	-0.0773	0.0129	0.9969	0.0000	-0.4875	0.0102	1.4403	1.0000
6	0.9970	0.0148	0.0765	0.0000	-0.0137	0.9998	-0.0139	0.0000	-0.0767	0.0128	0.9970	0.0000	-0.4882	0.0101	1.4408	1.0000
7	0.9970	0.0148	0.0765	0.0000	-0.0137	0.9998	-0.0139	0.0000	-0.0767	0.0128	0.9970	0.0000	-0.4882	0.0101	1.4408	1.0000
8	0.9972	0.0120	0.0734	0.0000	-0.0103	0.9997	-0.0230	0.0000	-0.0736	0.0222	0.9970	0.0000	-0.4876	0.0087	1.4383	1.0000
9	0.9976	0.0110	0.0684	0.0000	-0.0097	0.9998	-0.0200	0.0000	-0.0686	0.0193	0.9975	0.0000	-0.4876	0.0076	1.4367	1.0000
10	0.9976	0.0110	0.0684	0.0000	-0.0097	0.9998	-0.0200	0.0000	-0.0686	0.0193	0.9975	0.0000	-0.4876	0.0076	1.4367	1.0000
11	0.9978	0.0107	0.0654	0.0000	-0.0094	0.9998	-0.0192	0.0000	-0.0656	0.0186	0.9977	0.0000	-0.4857	0.0077	1.4401	1.0000
12	0.9978	0.0107	0.0654	0.0000	-0.0094	0.9998	-0.0192	0.0000	-0.0656	0.0186	0.9977	0.0000	-0.4857	0.0077	1.4401	1.0000
13	0.9977	0.0104	0.0663	0.0000	-0.0087	0.9996	-0.0264	0.0000	-0.0665	0.0258	0.9975	0.0000	-0.4858	0.0068	1.4385	1.0000
14	0.9977	0.0104	0.0663	0.0000	-0.0087	0.9996	-0.0264	0.0000	-0.0665	0.0258	0.9975	0.0000	-0.4858	0.0068	1.4385	1.0000
15	0.9976	0.0112	0.0683	0.0000	-0.0090	0.9994	-0.0323	0.0000	-0.0687	0.0316	0.9971	0.0000	-0.4860	0.0060	1.4371	1.0000
16	0.9976	0.0112	0.0683	0.0000	-0.0090	0.9994	-0.0323	0.0000	-0.0687	0.0316	0.9971	0.0000	-0.4860	0.0060	1.4371	1.0000
17	0.9974	0.0135	0.0708	0.0000	-0.0110	0.9993	-0.0343	0.0000	-0.0713	0.0334	0.9969	0.0000	-0.4836	0.0049	1.4410	1.0000
18	0.9974	0.0135	0.0708	0.0000	-0.0110	0.9993	-0.0343	0.0000	-0.0713	0.0334	0.9969	0.0000	-0.4836	0.0049	1.4410	1.0000
19	0.9972	0.0151	0.0731	0.0000	-0.0126	0.9993	-0.0347	0.0000	-0.0736	0.0337	0.9967	0.0000	-0.4838	0.0047	1.4403	1.0000
20	0.9972	0.0151	0.0731	0.0000	-0.0126	0.9993	-0.0347	0.0000	-0.0736	0.0337	0.9967	0.0000	-0.4838	0.0047	1.4403	1.0000
21	0.9971	0.0156	0.0746	0.0000	-0.0130	0.9993	-0.0355	0.0000	-0.0751	0.0344	0.9966	0.0000	-0.4839	0.0045	1.4397	1.0000
22	0.9971	0.0156	0.0746	0.0000	-0.0130	0.9993	-0.0355	0.0000	-0.0751	0.0344	0.9966	0.0000	-0.4839	0.0045	1.4397	1.0000
23	0.9971	0.0158	0.0748	0.0000	-0.0131	0.9992	-0.0365	0.0000	-0.0753	0.0354	0.9965	0.0000	-0.4838	0.0036	1.4395	1.0000
24	0.9971	0.0158	0.0748	0.0000	-0.0131	0.9992	-0.0365	0.0000	-0.0753	0.0354	0.9965	0.0000	-0.4838	0.0036	1.4395	1.0000
25	0.9971	0.0156	0.0740	0.0000	-0.0130	0.9993	-0.0360	0.0000	-0.0746	0.0350	0.9966	0.0000	-0.4838	0.0035	1.4390	1.0000
26	0.9971	0.0156	0.0740	0.0000	-0.0130	0.9993	-0.0360	0.0000	-0.0746	0.0350	0.9966	0.0000	-0.4838	0.0035	1.4390	1.0000
27	0.9972	0.0154	0.0731	0.0000	-0.0129	0.9993	-0.0347	0.0000	-0.0736	0.0337	0.9967	0.0000	-0.4838	0.0035	1.4385	1.0000
28	0.9972	0.0154	0.0731	0.0000	-0.0129	0.9993	-0.0347	0.0000	-0.0736	0.0337	0.9967	0.0000	-0.4838	0.0035	1.4385	1.0000
29	0.9973	0.0150	0.0724	0.0000	-0.0125	0.9993	-0.0345	0.0000	-0.0729	0.0335	0.9968	0.0000	-0.4832	0.0032	1.4379	1.0000
30	0.9973	0.0150	0.0724	0.0000	-0.0125	0.9993	-0.0345	0.0000	-0.0729	0.0335	0.9968	0.0000	-0.4832	0.0032	1.4379	1.0000
31	0.9973	0.0148	0.0725	0.0000	-0.0122	0.9993	-0.0353	0.0000	-0.0730	0.0343	0.9967	0.0000	-0.4832	0.0032	1.4375	1.0000
32	0.9973	0.0148	0.0725	0.0000	-0.0122	0.9993	-0.0353	0.0000	-0.0730	0.0343	0.9967	0.0000	-0.4832	0.0032	1.4375	1.0000
33	0.9972	0.0150	0.0730	0.0000	-0.0124	0.9993	-0.0353	0.0000	-0.0735	0.0343	0.9967	0.0000	-0.4833	0.0031	1.4371	1.0000
34	0.9972	0.0150	0.0730	0.0000	-0.0124	0.9993	-0.0353	0.0000	-0.0735	0.0343	0.9967	0.0000	-0.4833	0.0031	1.4371	1.0000
35	0.9972	0.0156	0.0731	0.0000	-0.0130	0.9993	-0.0352	0.0000	-0.0736	0.0342	0.9967	0.0000	-0.4834	0.0032	1.4379	1.0000
36	0.9972	0.0156	0.0731	0.0000	-0.0130	0.9993	-0.0352	0.0000	-0.0736	0.0342	0.9967	0.0000	-0.4834	0.0032	1.4379	1.0000
37	0.9972	0.0157	0.0728	0.0000	-0.0131	0.9993	-0.0353	0.0000	-0.0733	0.0342	0.9967	0.0000	-0.4834	0.0033	1.4377	1.0000
38	0.9972	0.0157	0.0728	0.0000	-0.0131	0.9993	-0.0353	0.0000	-0.0733	0.0342	0.9967	0.0000	-0.4834	0.0033	1.4377	1.0000
39	0.9973	0.0160	0.0722	0.0000	-0.0135	0.9993	-0.0352	0.0000	-0.0727	0.0342	0.9968	0.0000	-0.4835	0.0033	1.4375	1.0000
40	0.9972	0.0167	0.0722	0.0000	-0.0142	0.9993	-0.0355	0.0000	-0.0728	0.0344	0.9968	0.0000	-0.4836	0.0034	1.4372	1.0000
41	0.9973	0.0167	0.0720	0.0000	-0.0141	0.9993	-0.0355	0.0000	-0.0726	0.0344	0.9968	0.0000	-0.4837	0.0032	1.4367	1.0000
42	0.9973	0.0167	0.0720	0.0000	-0.0141	0.9993	-0.0355	0.0000	-0.0726	0.0344	0.9968	0.0000	-0.4837	0.0032	1.4367	1.0000
43	0.9972	0.0175	0.0728	0.0000	-0.0148	0.9992	-0.0368	0.0000	-0.0734	0.0356	0.9967	0.0000	-0.4838	0.0032	1.4363	1.0000
44	0.9972	0.0175	0.0728	0.0000	-0.0148	0.9992	-0.0368	0.0000	-0.0734	0.0356	0.9967	0.0000	-0.4838	0.0032	1.4363	1.0000
45	0.9971	0.0182	0.0738	0.0000	-0.0154	0.9991	-0.0384	0.0000	-0.0744	0.0371	0.9965	0.0000	-0.4838	0.0032	1.4359	1.0000
46	0.9970	0.0185	0.0747	0.0000	-0.0156	0.9991	-0.0391	0.0000	-0.0753	0.0378	0.9964	0.0000	-0.4839	0.0033	1.4356	1.0000
47	0.9970	0.0184	0.0746	0.0000	-0.0155	0.9991	-0.0392	0.0000	-0.0753	0.0380	0.9964	0.0000	-0.4834	0.0038	1.4356	1.0000
48	0.9970	0.0184	0.0746	0.0000	-0.0155	0.9991	-0.0392	0.0000	-0.0753	0.0380	0.9964	0.0000	-0.4834	0.0038	1.4356	1.0000
49	0.9970	0.0185	0.0753	0.0000	-0.0156	0.9991	-0.0391	0.0000	-0.0760	0.0378	0.9964	0.0000	-0.4835	0.0039	1.4355	1.0000
50	0.9970	0.0185	0.0753	0.0000	-0.0156	0.9991	-0.0391	0.0000	-0.0760	0.0378	0.9964	0.0000	-0.4835	0.0039	1.4355	1.0000
51	0.9970	0.0186	0.0754	0.0000	-0.0156	0.9991	-0.0391	0.0000	-0.0761	0.0378	0.9964	0.0000	-0.4835	0.0039	1.4353	1.0000
52	0.9970	0.0186	0.0750	0.0000	-0.0156	0.9991	-0.0400	0.0000	-0.0756	0.0387	0.9964	0.0000	-0.4835	0.0038	1.4351	1.0000
53	0.9970	0.0186	0.0750	0.0000	-0.0156	0.9991	-0.0400	0.0000	-0.0756	0.0387	0.9964	0.0000	-0.4835	0.0038	1.4351	1.0000
54	0.9970	0.0185	0.0748	0.0000	-0.0156	0.9991	-0.0400	0.0000	-0.0755	0.0387	0.9964	0.0000	-0.4832	0.0039	1.4354	1.0000
55	0.9971	0.0186	0.0741	0.0000	-0.0155	0.9990	-0.0413	0.0000	-0.0748	0.0400	0.9964	0.0000	-0.4832	0.0038	1.4353	1.0000
56	0.9971	0.0186	0.0741	0.0000	-0.0155	0.9990	-0.0413	0.0000	-0.0748	0.0400	0.9964	0.0000	-0.4832	0.0038	1.4353	1.0000
57	0.9971	0.0185	0.0737	0.0000	-0.0154	0.9990	-0.0423	0.0000	-0.0744	0.0410	0.9964	0.0000	-0.4831	0.0037	1.4352	1.0000
58	0.9972	0.0180	0.0732	0.0000	-0.0149	0.9990	-0.0428	0.0000	-0.0739	0.0416	0.9964	0.0000	-0.4831	0.0038	1.4352	1.0000
59	0.9972	0.0180	0.0732	0.0000	-0.0149	0.9990	-0.0428	0.0000	-0.0739	0.0416	0.9964	0.0000	-0.4831	0.0038	1.4352	1.0000
60	0.9972	0.0174	0.0727	0.0000	-0.0143	0.9990	-0.0432	0.0000	-0.0734	0.0420	0.9964	0.0000	-0.4830	0.0036	1.4356	1.0000
61	0.9972	0.0174	0.0727	0.0000	-0.0143	0.9990	-0.0432	0.0000	-0.0734	0.0420	0.9964	0.0000	-0.4830	0.0036	1.4356	1.0000
62	0.9972	0.0174	0.0727	0.0000	-0.0143	0.9990	-0.0432	0.0000	-0.0734	0.0420	0.9964	0.0000	-0.4830	0.0036	1.4356	1.0000
63	0.9972	0.0169	0.0725	0.0000	-0.0138	0.9989	-0.0437	0.0000	-0.0732	0.0426	0.9964	0.0000	-0.4831	0.0037	1.4356	1.0000
64	0.9973	0.0167	0.0720	0.0000	-0.0135	0.9989	-0.0446	0.0000	-0.0727	0.0435	0.9964	0.0000	-0.4834	0.0039	1.4357	1.0000
65	0.9973	0.0166	0.0721	0.0000	-0.0134	0.9989	-0.0446	0.0000	-0.0727	0.0435	0.9964	0.0000	-0.4848	0.0032	1.4354	1.0000
66	0.9973	0.0164	0.0711	0.0000	-0.0132	0.9989	-0.0453	0.0000	-0.0718	0.0442	0.9964	0.0000	-0.4850	0.0033	1.4354	1.0000
67	0.9973	0.0164	0.0711	0.0000	-0.0132	0.9989	-0.0453	0.0000	-0.0718	0.0442	0.9964	0.0000	-0.4850	0.0033	1.4354	1.0000
68	0.9974	0.0167	0.0701	0.0000	-0.0135	0.9989	-0.0455	0.0000	-0.0708	0.0444	0.9965	0.0000	-0.4854	0.0034	1.4354	1.0000
69	0.9974	0.0167	0.0701	0.0000	-0.0135	0.9989	-0.0455	0.0000	-0.0708	0.0444	0.9965	0.0000	-0.4854	0.0034	1.4354	1.0000
70	0.9974	0.0174	0.0694	0.0000	-0.0142	0.9988	-0.0461	0.0000	-0.0701	0.0450	0.9965	0.0000	-0.4858	0.0035	1.4354	1.0000
71	0.9974	0.0174	0.0692	0.0000	-0.0142	0.9988	-0.0461	0.0000	-0.0700	0.0450	0.9965	0.0000	-0.4854	0.0032	1.4364	1.0000
72	0.9975	0.0178	0.0683	0.0000	-0.0145	0.9987	-0.0480	0.0000	-0.0690	0.0469	0.9965	0.0000	-0.4858	0.0031	1.4362	1.0000
73	0.9975	0.0178	0.0683	0.0000	-0.0145	0.9987	-0.0480	0.0000	-0.0690	0.0469	0.9965	0.0000	-0.4858	0.0031	1.4362	1.0000
74	0.9975	0.0178	0.0683	0.0000	-0.0145	0.9987	-0.0480	0.0000	-0.0690	0.0469	0.9965	0.0000	-0.4858	0.0031	1.4362	1.0000
75	0.9976	0.0177	0.0672	0.0000	-0.0143	0.9987	-0.0499	0.0000	-0.0680	0.0488	0.9965	0.0000	-0.4863	0.0031	1.4361	1.0000
76	0.9977	0.0177	0.0660	0.0000	-0.0143	0.9986	-0.0512	0.0000	-0.0668	0.0501	0.9965	0.0000	-0.4867	0.0032	1.4360	1.0000
77	0.9977	0.0177	0.0657	0.0000	-0.0143	0.9986	-0.0512	0.0000	-0.0665	0.0501	0.9965	0.0000	-0.4865	0.0030	1.4361	1.0000
78	0.9978	0.0177	0.0647	0.0000	-0.0143	0.9985	-0.0525	0.0000	-0.0655	0.0515	0.9965	0.0000	-0.4870	0.0030	1.4360	1.0000
79	0.9978	0.0177	0.0647	0.0000	-0.0143	0.9985	-0.0525	0.0000	-0.0655	0.0515	0.9965	0.0000	-0.4870	0.0030	1.4360	1.0000
80	0.9978	0.0176	0.0635	0.0000	-0.0141	0.9984	-0.0543	0.0000	-0.0643	0.0533	0.9965	0.0000	-0.4876	0.0030	1.4360	1.0000
81	0.9978	0.0176	0.0635	0.0000	-0.0141	0.9984	-0.0543	0.0000	-0.0643	0.0533	0.9965	0.0000	-0.4876	0.0030	1.4360	1.0000
82	0.9979	0.0175	0.0622	0.0000	-0.0141	0.9983	-0.0557	0.0000	-0.0631	0.0547	0.9965	0.0000	-0.4882	0.0030	1.4359	1.0000
83	0.9979	0.0175	0.0622	0.0000	-0.0141	0.9983	-0.0557	0.0000	-0.0631	0.0547	0.9965	0.0000	-0.4882	0.0030	1.4359	1.0000
84	0.9980	0.0180	0.0610	0.0000	-0.0145	0.9983	-0.0567	0.0000	-0.0619	0.0557	0.9965	0.0000	-0.4890	0.0029	1.4362	1.0000
85	0.9980	0.0180	0.0610	0.0000	-0.0145	0.9983	-0.0567	0.0000	-0.0619	0.0557	0.9965	0.0000	-0.4890	0.0029	1.4362	1.0000
86	0.9980	0.0190	0.0602	0.0000	-0.0155	0.9982	-0.0578	0.0000	-0.0612	0.0568	0.9965	0.0000	-0.4897	0.0029	1.4362	1.0000
87	0.9980	0.0190	0.0602	0.0000	-0.0155	0.9982	-0.0578	0.0000	-0.0612	0.0568	0.9965	0.0000	-0.4897	0.0029	1.4362	1.0000
88	0.9980	0.0205	0.0601	0.0000	-0.0170	0.9981	-0.0589	0.0000	-0.0612	0.0578	0.9965	0.0000	-0.4906	0.0029	1.4361	1.0000
89	0.9980	0.0205	0.0601	0.0000	-0.0170	0.9981	-0.0589	0.0000	-0.0612	0.0578	0.9965	0.0000	-0.4906	0.0029	1.4361	1.0000
90	0.9979	0.0220	0.0605	0.0000	-0.0183	0.9980	-0.0610	0.0000	-0.0617	0.0597	0.9963	0.0000	-0.4910	0.0025	1.4366	1.0000
91	0.9979	0.0220	0.0605	0.0000	-0.0183	0.9980	-0.0610	0.0000	-0.0617	0.0597	0.9963	0.0000	-0.4910	0.0025	1.4366	1.0000
92	0.9979	0.0230	0.0610	0.0000	-0.0191	0.9978	-0.0641	0.0000	-0.0624	0.0628	0.9961	0.0000	-0.4919	0.0024	1.4364	1.0000
93	0.9979	0.0230	0.0610	0.0000	-0.0191	0.9978	-0.0641	0.0000	-0.0624	0.0628	0.9961	0.0000	-0.4919	0.0024	1.4364	1.0000
94	0.9978	0.0241	0.0616	0.0000	-0.0200	0.9975	-0.0672	0.0000	-0.0631	0.0658	0.9958	0.0000	-0.4930	0.0024	1.4363	1.0000
95	0.9978	0.0241	0.0614	0.0000	-0.0199	0.9975	-0.0672	0.0000	-0.0629	0.0659	0.9958	0.0000	-0.4925	0.0024	1.4362	1.0000
96	0.9977	0.0256	0.0621	0.0000	-0.0213	0.9974	-0.0692	0.0000	-0.0638	0.0678	0.9957	0.0000	-0.4936	0.0025	1.4362	1.0000
97	0.9977	0.0256	0.0621	0.0000	-0.0213	0.9974	-0.0692	0.0000	-0.0638	0.0678	0.9957	0.0000	-0.4936	0.0025	1.4362	1.0000
98	0.9977	0.0271	0.0626	0.0000	-0.0226	0.9972	-0.0712	0.0000	-0.0644	0.0696	0.9955	0.0000	-0.4948	0.0025	1.4361	1.0000
99	0.9977	0.0282	0.0620	0.0000	-0.0236	0.9970	-0.0734	0.0000	-0.0639	0.0718	0.9954	0.0000	-0.4961	0.0024	1.4360	1.0000
100	0.9977	0.0282	0.0620	0.0000	-0.0236	0.9970	-0.0734	0.0000	-0.0639	0.0718	0.9954	0.0000	-0.4961	0.0024	1.4360	1.0000
101	0.9977	0.0281	0.0619	0.0000	-0.0236	0.9970	-0.0735	0.0000	-0.0638	0.0719	0.9954	0.0000	-0.4956	0.0023	1.4356	1.0000
102	0.9977	0.0290	0.0605	0.0000	-0.0244	0.9969	-0.0754	0.0000	-0.0625	0.0738	0.9953	0.0000	-0.4968	0.0022	1.4354	1.0000
103	0.9979	0.0296	0.0584	0.0000	-0.0251	0.9968	-0.0765	0.0000	-0.0605	0.0749	0.9954	0.0000	-0.4980	0.0020	1.4353	1.0000
104	0.9979	0.0296	0.0584	0.0000	-0.0251	0.9968	-0.0765	0.0000	-0.0605	0.0749	0.9954	0.0000	-0.4980	0.0020	1.4353	1.0000
105	0.9980	0.0299	0.0561	0.0000	-0.0256	0.9967	-0.0766	0.0000	-0.0582	0.0750	0.9955	0.0000	-0.4990	0.0019	1.4353	1.0000
106	0.9980	0.0299	0.0561	0.0000	-0.0256	0.9967	-0.0766	0.0000	-0.0582	0.0750	0.9955	0.0000	-0.4990	0.0019	1.4353	1.0000
107	0.9981	0.0301	0.0539	0.0000	-0.0260	0.9967	-0.0764	0.0000	-0.0561	0.0749	0.9956	0.0000	-0.5000	0.0016	1.4341	1.0000
108	0.9981	0.0301	0.0539	0.0000	-0.0260	0.9967	-0.0764	0.0000	-0.0561	0.0749	0.9956	0.0000	-0.5000	0.0016	1.4341	1.0000
109	0.9982	0.0301	0.0526	0.0000	-0.0261	0.9967	-0.0765	0.0000	-0.0548	0.0750	0.9957	0.0000	-0.5011	0.0015	1.4341	1.0000
110	0.9982	0.0301	0.0526	0.0000	-0.0261	0.9967	-0.0765	0.0000	-0.0548	0.0750	0.9957	0.0000	-0.5011	0.0015	1.4341	1.0000
111	0.9982	0.0301	0.0526	0.0000	-0.0261	0.9967	-0.0765	0.0000	-0.0548	0.0750	0.9957	0.0000	-0.5011	0.0015	1.4341	1.0000
112	0.9982	0.0300	0.0514	0.0000	-0.0260	0.9968	-0.0762	0.0000	-0.0535	0.0747	0.9958	0.0000	-0.5021	0.0013	1.4341	1.0000
113	0.9983	0.0295	0.0495	0.0000	-0.0257	0.9968	-0.0757	0.0000	-0.0516	0.0743	0.9959	0.0000	-0.5025	0.0013	1.4337	1.0000
114	0.9983	0.0295	0.0495	0.0000	-0.0257	0.9968	-0.0757	0.0000	-0.0516	0.0743	0.9959	0.0000	-0.5025	0.0013	1.4337	1.0000
115	0.9984	0.0290	0.0476	0.0000	-0.0253	0.9968	-0.0754	0.0000	-0.0496	0.0740	0.9960	0.0000	-0.5035	0.0011	1.4336	1.0000
116	0.9984	0.0290	0.0476	0.0000	-0.0253	0.9968	-0.0754	0.0000	-0.0496	0.0740	0.9960	0.0000	-0.5035	0.0011	1.4336	1.0000
117	0.9986	0.0284	0.0456	0.0000	-0.0249	0.9969	-0.0750	0.0000	-0.0476	0.0737	0.9961	0.0000	-0.5045	0.0009	1.4336	1.0000
118	0.9986	0.0284	0.0456	0.0000	-0.0249	0.9969	-0.0750	0.0000	-0.0476	0.0737	0.9961	0.0000	-0.5045	0.0009	1.4336	1.0000
119	0.9986	0.0283	0.0456	0.0000	-0.0248	0.9969	-0.0750	0.0000	-0.0476	0.0737	0.9961	0.0000	-0.5062	0.0006	1.4322	1.0000
120	0.9987	0.0278	0.0436	0.0000	-0.0245	0.9969	-0.0744	0.0000	-0.0455	0.0732	0.9963	0.0000	-0.5071	0.0004	1.4321	1.0000
121	0.9988	0.0275	0.0416	0.0000	-0.0243	0.9970	-0.0738	0.0000	-0.0435	0.0726	0.9964	0.0000	-0.5081	0.0002	1.4320	1.0000
122	0.9988	0.0275	0.0416	0.0000	-0.0243	0.9970	-0.0738	0.0000	-0.0435	0.0726	0.9964	0.0000	-0.5081	0.0002	1.4320	1.0000
123	0.9988	0.0274	0.0398	0.0000	-0.0244	0.9970	-0.0739	0.0000	-0.0417	0.0729	0.9965	0.0000	-0.5091	0.0000	1.4319	1.0000
124	0.9988	0.0273	0.0397	0.0000	-0.0243	0.9970	-0.0739	0.0000	-0.0416	0.0729	0.9965	0.0000	-0.5092	-0.0000	1.4314	1.0000
125	0.9989	0.0274	0.0377	0.0000	-0.0246	0.9970	-0.0734	0.0000	-0.0396	0.0724	0.9966	0.0000	-0.5102	-0.0002	1.4313	1.0000
126	0.9989	0.0274	0.0377	0.0000	-0.0246	0.9970	-0.0734	0.0000	-0.0396	0.0724	0.9966	0.0000	-0.5102	-0.0002	1.4313	1.0000
127	0.9990	0.0276	0.0357	0.0000	-0.0249	0.9971	-0.0725	0.0000	-0.0376	0.0715	0.9967	0.0000	-0.5113	-0.0002	1.4313	1.0000
128	0.9990	0.0276	0.0357	0.0000	-0.0249	0.9971	-0.0725	0.0000	-0.0376	0.0715	0.9967	0.0000	-0.5113	-0.0002	1.4313	1.0000
129	0.9991	0.0276	0.0336	0.0000	-0.0251	0.9971	-0.0724	0.0000	-0.0355	0.0715	0.9968	0.0000	-0.5124	-0.0004	1.4312	1.0000
130	0.9991	0.0276	0.0336	0.0000	-0.0251	0.9971	-0.0724	0.0000	-0.0355	0.0715	0.9968	0.0000	-0.5124	-0.0004	1.4312	1.0000
131	0.9991	0.0274	0.0310	0.0000	-0.0251	0.9971	-0.0722	0.0000	-0.0329	0.0714	0.9969	0.0000	-0.5136	-0.0002	1.4303	1.0000
132	0.9991	0.0274	0.0310	0.0000	-0.0251	0.9971	-0.0722	0.0000	-0.0329	0.0714	0.9969	0.0000	-0.5136	-0.0002	1.4303	1.0000
133	0.9992	0.0276	0.0287	0.0000	-0.0255	0.9971	-0.0715	0.0000	-0.0306	0.0707	0.9970	0.0000	-0.5148	-0.0003	1.4302	1.0000
134	0.9992	0.0276	0.0287	0.0000	-0.0255	0.9971	-0.0715	0.0000	-0.0306	0.0707	0.9970	0.0000	-0.5148	-0.0003	1.4302	1.0000
135	0.9993	0.0277	0.0264	0.0000	-0.0257	0.9971	-0.0711	0.0000	-0.0283	0.0704	0.9971	0.0000	-0.5159	-0.0003	1.4300	1.0000
136	0.9993	0.0277	0.0264	0.0000	-0.0257	0.9971	-0.0711	0.0000	-0.0283	0.0704	0.9971	0.0000	-0.5159	-0.0003	1.4300	1.0000
137	0.9993	0.0276	0.0242	0.0000	-0.0258	0.9971	-0.0712	0.0000	-0.0261	0.0705	0.9972	0.0000	-0.5171	-0.0001	1.4293	1.0000
138	0.9993	0.0276	0.0242	0.0000	-0.0258	0.9971	-0.0712	0.0000	-0.0261	0.0705	0.9972	0.0000	-0.5171	-0.0001	1.4293	1.0000
139	0.9994	0.0273	0.0223	0.0000	-0.0257	0.9972	-0.0707	0.0000	-0.0242	0.0701	0.9972	0.0000	-0.5182	-0.0001	1.4292	1.0000
140	0.9994	0.0273	0.0223	0.0000	-0.0257	0.9972	-0.0707	0.0000	-0.0242	0.0701	0.9972	0.0000	-0.5182	-0.0001	1.4292	1.0000
141	0.9994	0.0271	0.0208	0.0000	-0.0256	0.9972	-0.0701	0.0000	-0.0227	0.0695	0.9973	0.0000	-0.5195	-0.0001	1.4291	1.0000
142	0.9994	0.0271	0.0208	0.0000	-0.0256	0.9972	-0.0701	0.0000	-0.0227	0.0695	0.9973	0.0000	-0.5195	-0.0001	1.4291	1.0000
143	0.9995	0.0267	0.0194	0.0000	-0.0253	0.9972	-0.0699	0.0000	-0.0213	0.0693	0.9974	0.0000	-0.5205	0.0001	1.4289	1.0000
144	0.9995	0.0267	0.0194	0.0000	-0.0253	0.9972	-0.0699	0.0000	-0.0213	0.0693	0.9974	0.0000	-0.5205	0.0001	1.4289	1.0000
145	0.9995	0.0263	0.0184	0.0000	-0.0249	0.9973	-0.0690	0.0000	-0.0201	0.0685	0.9974	0.0000	-0.5219	0.0002	1.4289	1.0000
146	0.9995	0.0263	0.0184	0.0000	-0.0249	0.9973	-0.0690	0.0000	-0.0201	0.0685	0.9974	0.0000	-0.5219	0.0002	1.4289	1.0000
147	0.9995	0.0254	0.0176	0.0000	-0.0241	0.9974	-0.0681	0.0000	-0.0193	0.0676	0.9975	0.0000	-0.5233	0.0001	1.4290	1.0000
148	0.9995	0.0254	0.0176	0.0000	-0.0241	0.9974	-0.0681	0.0000	-0.0193	0.0676	0.9975	0.0000	-0.5233	0.0001	1.4290	1.0000
149	0.9996	0.0239	0.0166	0.0000	-0.0227	0.9975	-0.0675	0.0000	-0.0182	0.0671	0.9976	0.0000	-0.5249	0.0000	1.4290	1.0000
150	0.9996	0.0239	0.0165	0.0000	-0.0227	0.9975	-0.0676	0.0000	-0.0181	0.0672	0.9976	0.0000	-0.5249	0.0011	1.4285	1.0000
151	0.9996	0.0226	0.0157	0.0000	-0.0215	0.9975	-0.0670	0.0000	-0.0172	0.0667	0.9976	0.0000	-0.5266	0.0010	1.4284	1.0000
152	0.9996	0.0226	0.0157	0.0000	-0.0215	0.9975	-0.0670	0.0000	-0.0172	0.0667	0.9976	0.0000	-0.5266	0.0010	1.4284	1.0000
153	0.9996	0.0216	0.0153	0.0000	-0.0205	0.9975	-0.0671	0.0000	-0.0167	0.0668	0.9976	0.0000	-0.5283	0.0008	1.4283	1.0000
154	0.9996	0.0216	0.0153	0.0000	-0.0205	0.9975	-0.0671	0.0000	-0.0167	0.0668	0.9976	0.0000	-0.5283	0.0008	1.4283	1.0000
155	0.9997	0.0213	0.0154	0.0000	-0.0202	0.9975	-0.0673	0.0000	-0.0168	0.0670	0.9976	0.0000	-0.5299	0.0008	1.4281	1.0000
156	0.9997	0.0213	0.0154	0.0000	-0.0202	0.9975	-0.0673	0.0000	-0.0168	0.0670	0.9976	0.0000	-0.5299	0.0008	1.4281	1.0000
157	0.9996	0.0219	0.0165	0.0000	-0.0208	0.9975	-0.0670	0.0000	-0.0179	0.0666	0.9976	0.0000	-0.5318	0.0006	1.4282	1.0000
158	0.9996	0.0219	0.0165	0.0000	-0.0208	0.9975	-0.0670	0.0000	-0.0179	0.0666	0.9976	0.0000	-0.5318	0.0006	1.4282	1.0000
159	0.9996	0.0227	0.0177	0.0000	-0.0215	0.9975	-0.0672	0.0000	-0.0191	0.0667	0.9976	0.0000	-0.5338	0.0004	1.4283	1.0000
160	0.9996	0.0227	0.0177	0.0000	-0.0215	0.9975	-0.0672	0.0000	-0.0191	0.0667	0.9976	0.0000	-0.5338	0.0004	1.4283	1.0000
161	0.9996	0.0234	0.0185	0.0000	-0.0221	0.9975	-0.0670	0.0000	-0.0201	0.0666	0.9976	0.0000	-0.5356	-0.0002	1.4277	1.0000
162	0.9995	0.0239	0.0195	0.0000	-0.0226	0.9976	-0.0660	0.0000	-0.0211	0.0655	0.9976	0.0000	-0.5378	-0.0005	1.4279	1.0000
163	0.9995	0.0239	0.0195	0.0000	-0.0226	0.9976	-0.0660	0.0000	-0.0211	0.0655	0.9976	0.0000	-0.5378	-0.0005	1.4279	1.0000
164	0.9995	0.0239	0.0195	0.0000	-0.0226	0.9976	-0.0660	0.0000	-0.0211	0.0655	0.9976	0.0000	-0.5378	-0.0005	1.4279	1.0000
165	0.9995	0.0241	0.0210	0.0000	-0.0227	0.9976	-0.0647	0.0000	-0.0225	0.0642	0.9977	0.0000	-0.5400	-0.0007	1.4280	1.0000
166	0.9995	0.0235	0.0233	0.0000	-0.0220	0.9977	-0.0640	0.0000	-0.0247	0.0635	0.9977	0.0000	-0.5424	-0.0010	1.4282	1.0000
167	0.9995	0.0235	0.0233	0.0000	-0.0220	0.9977	-0.0640	0.0000	-0.0247	0.0635	0.9977	0.0000	-0.5424	-0.0010	1.4282	1.0000
168	0.9994	0.0225	0.0259	0.0000	-0.0208	0.9978	-0.0631	0.0000	-0.0272	0.0626	0.9977	0.0000	-0.5446	-0.0012	1.4280	1.0000
169	0.9994	0.0225	0.0259	0.0000	-0.0208	0.9978	-0.0631	0.0000	-0.0272	0.0626	0.9977	0.0000	-0.5446	-0.0012	1.4280	1.0000
170	0.9994	0.0211	0.0285	0.0000	-0.0194	0.9979	-0.0615	0.0000	-0.0298	0.0609	0.9977	0.0000	-0.5473	-0.0014	1.4282	1.0000
171	0.9994	0.0211	0.0285	0.0000	-0.0194	0.9979	-0.0615	0.0000	-0.0298	0.0609	0.9977	0.0000	-0.5473	-0.0014	1.4282	1.0000
172	0.9993	0.0202	0.0313	0.0000	-0.0184	0.9981	-0.0595	0.0000	-0.0324	0.0589	0.9977	0.0000	-0.5502	-0.0016	1.4285	1.0000
173	0.9993	0.0203	0.0310	0.0000	-0.0184	0.9981	-0.0596	0.0000	-0.0322	0.0589	0.9977	0.0000	-0.5494	-0.0014	1.4286	1.0000
174	0.9992	0.0202	0.0335	0.0000	-0.0183	0.9983	-0.0561	0.0000	-0.0346	0.0554	0.9979	0.0000	-0.5525	-0.0015	1.4291	1.0000
175	0.9992	0.0202	0.0335	0.0000	-0.0183	0.9983	-0.0561	0.0000	-0.0346	0.0554	0.9979	0.0000	-0.5525	-0.0015	1.4291	1.0000
176	0.9991	0.0207	0.0362	0.0000	-0.0188	0.9985	-0.0523	0.0000	-0.0373	0.0516	0.9980	0.0000	-0.5558	-0.0014	1.4296	1.0000
177	0.9991	0.0207	0.0362	0.0000	-0.0188	0.9985	-0.0523	0.0000	-0.0373	0.0516	0.9980	0.0000	-0.5558	-0.0014	1.4296	1.0000
178	0.9990	0.0214	0.0395	0.0000	-0.0195	0.9986	-0.0488	0.0000	-0.0405	0.0480	0.9980	0.0000	-0.5593	-0.0014	1.4301	1.0000
179	0.9990	0.0214	0.0395	0.0000	-0.0195	0.9986	-0.0488	0.0000	-0.0405	0.0480	0.9980	0.0000	-0.5593	-0.0014	1.4301	1.0000
180	0.9988	0.0227	0.0432	0.0000	-0.0208	0.9988	-0.0448	0.0000	-0.0442	0.0438	0.9981	0.0000	-0.5630	-0.0014	1.4307	1.0000
181	0.9988	0.0227	0.0430	0.0000	-0.0208	0.9988	-0.0448	0.0000	-0.0440	0.0438	0.9981	0.0000	-0.5621	-0.0014	1.4306	1.0000
182	0.9986	0.0244	0.0469	0.0000	-0.0225	0.9989	-0.0409	0.0000	-0.0479	0.0398	0.9981	0.0000	-0.5660	-0.0014	1.4312	1.0000
183	0.9986	0.0244	0.0469	0.0000	-0.0225	0.9989	-0.0409	0.0000	-0.0479	0.0398	0.9981	0.0000	-0.5660	-0.0014	1.4312	1.0000
184	0.9984	0.0254	0.0505	0.0000	-0.0235	0.9990	-0.0376	0.0000	-0.0514	0.0364	0.9980	0.0000	-0.5700	-0.0016	1.4317	1.0000
185	0.9984	0.0254	0.0505	0.0000	-0.0235	0.9990	-0.0376	0.0000	-0.0514	0.0364	0.9980	0.0000	-0.5700	-0.0016	1.4317	1.0000
186	0.9982	0.0264	0.0537	0.0000	-0.0246	0.9991	-0.0339	0.0000	-0.0545	0.0325	0.9980	0.0000	-0.5732	-0.0020	1.4327	1.0000
187	0.9982	0.0264	0.0537	0.0000	-0.0246	0.9991	-0.0339	0.0000	-0.0545	0.0325	0.9980	0.0000	-0.5732	-0.0020	1.4327	1.0000
188	0.9982	0.0264	0.0537	0.0000	-0.0246	0.9991	-0.0339	0.0000	-0.0545	0.0325	0.9980	0.0000	-0.5732	-0.0020	1.4327	1.0000
189	0.9980	0.0275	0.0564	0.0000	-0.0259	0.9992	-0.0301	0.0000	-0.0572	0.0285	0.9980	0.0000	-0.5774	-0.0023	1.4332	1.0000
190	0.9979	0.0277	0.0585	0.0000	-0.0261	0.9993	-0.0271	0.0000	-0.0592	0.0255	0.9979	0.0000	-0.5817	-0.0026	1.4335	1.0000
191	0.9979	0.0277	0.0585	0.0000	-0.0261	0.9993	-0.0271	0.0000	-0.0592	0.0255	0.9979	0.0000	-0.5817	-0.0026	1.4335	1.0000
192	0.9978	0.0273	0.0602	0.0000	-0.0259	0.9994	-0.0238	0.0000	-0.0609	0.0222	0.9979	0.0000	-0.5853	-0.0031	1.4338	1.0000
193	0.9978	0.0273	0.0602	0.0000	-0.0259	0.9994	-0.0238	0.0000	-0.0609	0.0222	0.9979	0.0000	-0.5853	-0.0031	1.4338	1.0000
194	0.9977	0.0265	0.0617	0.0000	-0.0252	0.9994	-0.0216	0.0000	-0.0622	0.0200	0.9979	0.0000	-0.5899	-0.0037	1.4340	1.0000
195	0.9977	0.0265	0.0617	0.0000	-0.0252	0.9994	-0.0216	0.0000	-0.0622	0.0200	0.9979	0.0000	-0.5899	-0.0037	1.4340	1.0000
196	0.9977	0.0252	0.0629	0.0000	-0.0239	0.9995	-0.0207	0.0000	-0.0634	0.0192	0.9978	0.0000	-0.5945	-0.0044	1.4340	1.0000
197	0.9977	0.0252	0.0629	0.0000	-0.0239	0.9995	-0.0207	0.0000	-0.0634	0.0192	0.9978	0.0000	-0.5945	-0.0044	1.4340	1.0000
198	0.9978	0.0226	0.0629	0.0000	-0.0214	0.9996	-0.0194	0.0000	-0.0633	0.0180	0.9978	0.0000	-0.5985	-0.0051	1.4338	1.0000
199	0.9978	0.0226	0.0629	0.0000	-0.0214	0.9996	-0.0194	0.0000	-0.0633	0.0180	0.9978	0.0000	-0.5985	-0.0051	1.4338	1.0000
200	0.9979	0.0198	0.0622	0.0000	-0.0188	0.9997	-0.0165	0.0000	-0.0625	0.0152	0.9979	0.0000	-0.6032	-0.0060	1.4337	1.0000
201	0.9979	0.0198	0.0622	0.0000	-0.0188	0.9997	-0.0165	0.0000	-0.0625	0.0152	0.9979	0.0000	-0.6032	-0.0060	1.4337	1.0000
202	0.9980	0.0163	0.0618	0.0000	-0.0154	0.9998	-0.0156	0.0000	-0.0620	0.0146	0.9980	0.0000	-0.6079	-0.0070	1.4333	1.0000
203	0.9980	0.0163	0.0618	0.0000	-0.0154	0.9998	-0.0156	0.0000	-0.0620	0.0146	0.9980	0.0000	-0.6079	-0.0070	1.4333	1.0000
204	0.9980	0.0124	0.0618	0.0000	-0.0115	0.9998	-0.0144	0.0000	-0.0619	0.0136	0.9980	0.0000	-0.6124	-0.0090	1.4324	1.0000
205	0.9980	0.0124	0.0618	0.0000	-0.0115	0.9998	-0.0144	0.0000	-0.0619	0.0136	0.9980	0.0000	-0.6124	-0.0090	1.4324	1.0000
206	0.9980	0.0086	0.0621	0.0000	-0.0078	0.9999	-0.0126	0.0000	-0.0622	0.0120	0.9980	0.0000	-0.6171	-0.0102	1.4320	1.0000
207	0.9980	0.0086	0.0621	0.0000	-0.0078	0.9999	-0.0126	0.0000	-0.0622	0.0120	0.9980	0.0000	-0.6171	-0.0102	1.4320	1.0000
208	0.9980	0.0064	0.0624	0.0000	-0.0057	0.9999	-0.0107	0.0000	-0.0624	0.0103	0.9980	0.0000	-0.6221	-0.0116	1.4318	1.0000
209	0.9980	0.0052	0.0637	0.0000	-0.0047	0.9999	-0.0089	0.0000	-0.0638	0.0085	0.9979	0.0000	-0.6271	-0.0130	1.4316	1.0000
210	0.9980	0.0052	0.0637	0.0000	-0.0047	1.0000	-0.0088	0.0000	-0.0637	0.0085	0.9979	0.0000	-0.6268	-0.0130	1.4315	1.0000
211	0.9980	0.0052	0.0637	0.0000	-0.0047	1.0000	-0.0088	0.0000	-0.0637	0.0085	0.9979	0.0000	-0.6268	-0.0130	1.4315	1.0000
212	0.9978	0.0045	0.0660	0.0000	-0.0040	1.0000	-0.0072	0.0000	-0.0660	0.0070	0.9978	0.0000	-0.6319	-0.0146	1.4313	1.0000
213	0.9976	0.0042	0.0691	0.0000	-0.0037	1.0000	-0.0073	0.0000	-0.0691	0.0070	0.9976	0.0000	-0.6370	-0.0162	1.4310	1.0000
214	0.9976	0.0042	0.0691	0.0000	-0.0037	1.0000	-0.0073	0.0000	-0.0691	0.0070	0.9976	0.0000	-0.6370	-0.0162	1.4310	1.0000
215	0.9975	0.0041	0.0709	0.0000	-0.0037	1.0000	-0.0064	0.0000	-0.0709	0.0061	0.9975	0.0000	-0.6410	-0.0177	1.4320	1.0000
216	0.9975	0.0041	0.0709	0.0000	-0.0037	1.0000	-0.0064	0.0000	-0.0709	0.0061	0.9975	0.0000	-0.6410	-0.0177	1.4320	1.0000
217	0.9974	0.0037	0.0723	0.0000	-0.0035	1.0000	-0.0027	0.0000	-0.0723	0.0024	0.9974	0.0000	-0.6460	-0.0193	1.4321	1.0000
218	0.9974	0.0037	0.0723	0.0000	-0.0035	1.0000	-0.0027	0.0000	-0.0723	0.0024	0.9974	0.0000	-0.6460	-0.0193	1.4321	1.0000
219	0.9974	0.0037	0.0723	0.0000	-0.0035	1.0000	-0.0027	0.0000	-0.0723	0.0024	0.9974	0.0000	-0.6460	-0.0193	1.4321	1.0000
220	0.9973	0.0028	0.0739	0.0000	-0.0028	1.0000	0.0009	0.0000	-0.0739	-0.0011	0.9973	0.0000	-0.6508	-0.0210	1.4322	1.0000
221	0.9971	0.0015	0.0754	0.0000	-0.0018	1.0000	0.0040	0.0000	-0.0754	-0.0041	0.9971	0.0000	-0.6566	-0.0224	1.4314	1.0000
222	0.9971	0.0015	0.0754	0.0000	-0.0018	1.0000	0.0040	0.0000	-0.0754	-0.0041	0.9971	0.0000	-0.6566	-0.0224	1.4314	1.0000
223	0.9970	-0.0004	0.0769	0.0000	-0.0001	1.0000	0.0064	0.0000	-0.0769	-0.0064	0.9970	0.0000	-0.6612	-0.0241	1.4315	1.0000
224	0.9970	-0.0004	0.0769	0.0000	-0.0001	1.0000	0.0064	0.0000	-0.0769	-0.0064	0.9970	0.0000	-0.6612	-0.0241	1.4315	1.0000
225	0.9969	-0.0024	0.0786	0.0000	0.0017	1.0000	0.0084	0.0000	-0.0786	-0.0083	0.9969	0.0000	-0.6657	-0.0259	1.4317	1.0000
226	0.9969	-0.0024	0.0786	0.0000	0.0017	1.0000	0.0084	0.0000	-0.0786	-0.0083	0.9969	0.0000	-0.6657	-0.0259	1.4317	1.0000
227	0.9966	-0.0034	0.0817	0.0000	0.0025	0.9999	0.0109	0.0000	-0.0818	-0.0106	0.9966	0.0000	-0.6704	-0.0269	1.4306	1.0000
228	0.9966	-0.0034	0.0817	0.0000	0.0025	0.9999	0.0109	0.0000	-0.0818	-0.0106	0.9966	0.0000	-0.6704	-0.0269	1.4306	1.0000
229	0.9963	-0.0036	0.0863	0.0000	0.0023	0.9999	0.0150	0.0000	-0.0863	-0.0148	0.9962	0.0000	-0.6746	-0.0286	1.4311	1.0000
230	0.9963	-0.0036	0.0863	0.0000	0.0023	0.9999	0.0150	0.0000	-0.0863	-0.0148	0.9962	0.0000	-0.6746	-0.0286	1.4311	1.0000
231	0.9958	-0.0029	0.0919	0.0000	0.0008	0.9997	0.0226	0.0000	-0.0919	-0.0224	0.9955	0.0000	-0.6787	-0.0303	1.4320	1.0000
232	0.9958	-0.0029	0.0919	0.0000	0.0008	0.9997	0.0226	0.0000	-0.0919	-0.0224	0.9955	0.0000	-0.6787	-0.0303	1.4320	1.0000
233	0.9952	-0.0014	0.0979	0.0000	-0.0018	0.9995	0.0327	0.0000	-0.0979	-0.0327	0.9947	0.0000	-0.6824	-0.0310	1.4336	1.0000
234	0.9952	-0.0014	0.0979	0.0000	-0.0018	0.9995	0.0327	0.0000	-0.0979	-0.0327	0.9947	0.0000	-0.6824	-0.0310	1.4336	1.0000
235	0.9952	-0.0014	0.0979	0.0000	-0.0018	0.9995	0.0327	0.0000	-0.0979	-0.0327	0.9947	0.0000	-0.6824	-0.0310	1.4336	1.0000
236	0.9946	0.0007	0.1037	0.0000	-0.0054	0.9990	0.0452	0.0000	-0.1036	-0.0455	0.9936	0.0000	-0.6862	-0.0326	1.4350	1.0000
237	0.9941	0.0022	0.1086	0.0000	-0.0086	0.9983	0.0584	0.0000	-0.1083	-0.0590	0.9924	0.0000	-0.6898	-0.0345	1.4364	1.0000
238	0.9941	0.0022	0.1086	0.0000	-0.0086	0.9983	0.0584	0.0000	-0.1083	-0.0590	0.9924	0.0000	-0.6898	-0.0345	1.4364	1.0000
239	0.9936	0.0020	0.1130	0.0000	-0.0097	0.9976	0.0680	0.0000	-0.1126	-0.0686	0.9913	0.0000	-0.6922	-0.0362	1.4375	1.0000
240	0.9936	0.0020	0.1130	0.0000	-0.0097	0.9976	0.0680	0.0000	-0.1126	-0.0686	0.9913	0.0000	-0.6922	-0.0362	1.4375	1.0000
241	0.9931	0.0001	0.1176	0.0000	-0.0089	0.9972	0.0742	0.0000	-0.1172	-0.0747	0.9903	0.0000	-0.6952	-0.0388	1.4383	1.0000
242	0.9931	0.0001	0.1176	0.0000	-0.0089	0.9972	0.0742	0.0000	-0.1172	-0.0747	0.9903	0.0000	-0.6952	-0.0388	1.4383	1.0000
243	0.9925	-0.0022	0.1220	0.0000	-0.0076	0.9968	0.0800	0.0000	-0.1218	-0.0804	0.9893	0.0000	-0.6979	-0.0418	1.4390	1.0000
244	0.9925	-0.0022	0.1220	0.0000	-0.0076	0.9968	0.0800	0.0000	-0.1218	-0.0804	0.9893	0.0000	-0.6979	-0.0418	1.4390	1.0000
245	0.9920	-0.0044	0.1260	0.0000	-0.0065	0.9962	0.0863	0.0000	-0.1259	-0.0865	0.9883	0.0000	-0.6994	-0.0465	1.4386	1.0000
246	0.9920	-0.0044	0.1260	0.0000	-0.0065	0.9962	0.0863	0.0000	-0.1259	-0.0865	0.9883	0.0000	-0.6994	-0.0465	1.4386	1.0000
247	0.9915	-0.0064	0.1301	0.0000	-0.0059	0.9956	0.0940	0.0000	-0.1301	-0.0940	0.9870	0.0000	-0.7014	-0.0502	1.4392	1.0000
248	0.9915	-0.0064	0.1301	0.0000	-0.0059	0.9956	0.0940	0.0000	-0.1301	-0.0940	0.9870	0.0000	-0.7014	-0.0502	1.4392	1.0000
249	0.9908	-0.0073	0.1349	0.0000	-0.0065	0.9948	0.1016	0.0000	-0.1350	-0.1015	0.9856	0.0000	-0.7032	-0.0543	1.4398	1.0000
250	0.9908	-0.0073	0.1349	0.0000	-0.0065	0.9948	0.1016	0.0000	-0.1350	-0.1015	0.9856	0.0000	-0.7032	-0.0543	1.4398	1.0000
251	0.9902	-0.0070	0.1393	0.0000	-0.0080	0.9943	0.1067	0.0000	-0.1392	-0.1068	0.9845	0.0000	-0.7040	-0.0592	1.4395	1.0000
252	0.9902	-0.0070	0.1393	0.0000	-0.0080	0.9943	0.1067	0.0000	-0.1392	-0.1068	0.9845	0.0000	-0.7040	-0.0592	1.4395	1.0000
253	0.9895	-0.0068	0.1441	0.0000	-0.0092	0.9939	0.1102	0.0000	-0.1440	-0.1104	0.9834	0.0000	-0.7055	-0.0638	1.4393	1.0000
254	0.9895	-0.0068	0.1441	0.0000	-0.0092	0.9939	0.1102	0.0000	-0.1440	-0.1104	0.9834	0.0000	-0.7055	-0.0638	1.4393	1.0000
255	0.9891	-0.0080	0.1473	0.0000	-0.0085	0.9938	0.1107	0.0000	-0.1473	-0.1107	0.9829	0.0000	-0.7066	-0.0687	1.4387	1.0000
256	0.9891	-0.0080	0.1471	0.0000	-0.0084	0.9938	0.1105	0.0000	-0.1471	-0.1105	0.9829	0.0000	-0.7066	-0.0694	1.4378	1.0000
257	0.9887	-0.0088	0.1498	0.0000	-0.0073	0.9943	0.1066	0.0000	-0.1499	-0.1065	0.9830	0.0000	-0.7078	-0.0744	1.4365	1.0000
258	0.9887	-0.0088	0.1498	0.0000	-0.0073	0.9943	0.1066	0.0000	-0.1499	-0.1065	0.9830	0.0000	-0.7078	-0.0744	1.4365	1.0000
259	0.9882	-0.0076	0.1530	0.0000	-0.0080	0.9948	0.1011	0.0000	-0.1530	-0.1011	0.9830	0.0000	-0.7090	-0.0794	1.4351	1.0000
260	0.9878	-0.0049	0.1555	0.0000	-0.0101	0.9954	0.0953	0.0000	-0.1553	-0.0957	0.9832	0.0000	-0.7103	-0.0843	1.4335	1.0000
261	0.9878	-0.0049	0.1555	0.0000	-0.0101	0.9954	0.0953	0.0000	-0.1553	-0.0957	0.9832	0.0000	-0.7103	-0.0843	1.4335	1.0000
262	0.9878	-0.0049	0.1555	0.0000	-0.0101	0.9954	0.0953	0.0000	-0.1553	-0.0957	0.9832	0.0000	-0.7103	-0.0843	1.4335	1.0000
263	0.9875	-0.0012	0.1573	0.0000	-0.0134	0.9957	0.0917	0.0000	-0.1568	-0.0927	0.9833	0.0000	-0.7112	-0.0894	1.4303	1.0000
264	0.9872	0.0034	0.1594	0.0000	-0.0185	0.9955	0.0933	0.0000	-0.1583	-0.0951	0.9828	0.0000	-0.7127	-0.0941	1.4291	1.0000
265	0.9872	0.0034	0.1594	0.0000	-0.0185	0.9955	0.0933	0.0000	-0.1583	-0.0951	0.9828	0.0000	-0.7127	-0.0941	1.4291	1.0000
266	0.9868	0.0082	0.1615	0.0000	-0.0242	0.9949	0.0976	0.0000	-0.1599	-0.1002	0.9820	0.0000	-0.7142	-0.0988	1.4280	1.0000
267	0.9868	0.0082	0.1615	0.0000	-0.0242	0.9949	0.0976	0.0000	-0.1599	-0.1002	0.9820	0.0000	-0.7142	-0.0988	1.4280	1.0000
268	0.9865	0.0117	0.1635	0.0000	-0.0290	0.9942	0.1038	0.0000	-0.1613	-0.1072	0.9811	0.0000	-0.7156	-0.1035	1.4271	1.0000
269	0.9865	0.0116	0.1634	0.0000	-0.0289	0.9942	0.1036	0.0000	-0.1612	-0.1070	0.9811	0.0000	-0.7148	-0.1030	1.4269	1.0000
270	0.9862	0.0140	0.1650	0.0000	-0.0326	0.9934	0.1104	0.0000	-0.1624	-0.1143	0.9801	0.0000	-0.7162	-0.1076	1.4261	1.0000
271	0.9862	0.0140	0.1650	0.0000	-0.0326	0.9934	0.1104	0.0000	-0.1624	-0.1143	0.9801	0.0000	-0.7162	-0.1076	1.4261	1.0000
272	0.9862	0.0140	0.1650	0.0000	-0.0326	0.9934	0.1104	0.0000	-0.1624	-0.1143	0.9801	0.0000	-0.7162	-0.1076	1.4261	1.0000
273	0.9858	0.0150	0.1671	0.0000	-0.0349	0.9925	0.1169	0.0000	-0.1641	-0.1211	0.9790	0.0000	-0.7174	-0.1121	1.4253	1.0000
274	0.9854	0.0146	0.1694	0.0000	-0.0364	0.9914	0.1258	0.0000	-0.1661	-0.1301	0.9775	0.0000	-0.7185	-0.1167	1.4247	1.0000
275	0.9854	0.0146	0.1694	0.0000	-0.0364	0.9914	0.1258	0.0000	-0.1661	-0.1301	0.9775	0.0000	-0.7185	-0.1167	1.4247	1.0000
276	0.9854	0.0147	0.1693	0.0000	-0.0383	0.9899	0.1367	0.0000	-0.1656	-0.1412	0.9760	0.0000	-0.7189	-0.1208	1.4251	1.0000
277	0.9854	0.0147	0.1693	0.0000	-0.0383	0.9899	0.1367	0.0000	-0.1656	-0.1412	0.9760	0.0000	-0.7189	-0.1208	1.4251	1.0000
278	0.9854	0.0164	0.1692	0.0000	-0.0417	0.9882	0.1471	0.0000	-0.1648	-0.1520	0.9746	0.0000	-0.7202	-0.1253	1.4247	1.0000
279	0.9854	0.0164	0.1692	0.0000	-0.0417	0.9882	0.1471	0.0000	-0.1648	-0.1520	0.9746	0.0000	-0.7202	-0.1253	1.4247	1.0000
280	0.9856	0.0193	0.1680	0.0000	-0.0457	0.9870	0.1543	0.0000	-0.1629	-0.1598	0.9736	0.0000	-0.7209	-0.1291	1.4240	1.0000
281	0.9856	0.0193	0.1680	0.0000	-0.0457	0.9870	0.1543	0.0000	-0.1629	-0.1598	0.9736	0.0000	-0.7209	-0.1291	1.4240	1.0000
282	0.9858	0.0240	0.1663	0.0000	-0.0505	0.9864	0.1567	0.0000	-0.1603	-0.1629	0.9735	0.0000	-0.7220	-0.1335	1.4231	1.0000
283	0.9858	0.0240	0.1663	0.0000	-0.0505	0.9864	0.1567	0.0000	-0.1603	-0.1629	0.9735	0.0000	-0.7220	-0.1335	1.4231	1.0000
284	0.9860	0.0288	0.1641	0.0000	-0.0543	0.9866	0.1536	0.0000	-0.1575	-0.1603	0.9744	0.0000	-0.7230	-0.1380	1.4218	1.0000
285	0.9860	0.0288	0.1641	0.0000	-0.0543	0.9866	0.1536	0.0000	-0.1575	-0.1603	0.9744	0.0000	-0.7230	-0.1380	1.4218	1.0000
286	0.9865	0.0321	0.1609	0.0000	-0.0561	0.9875	0.1471	0.0000	-0.1542	-0.1541	0.9759	0.0000	-0.7237	-0.1427	1.4202	1.0000
287	0.9865	0.0321	0.1609	0.0000	-0.0561	0.9875	0.1471	0.0000	-0.1542	-0.1541	0.9759	0.0000	-0.7237	-0.1427	1.4202	1.0000
288	0.9865	0.0320	0.1607	0.0000	-0.0560	0.9876	0.1469	0.0000	-0.1540	-0.1539	0.9760	0.0000	-0.7242	-0.1429	1.4203	1.0000
289	0.9869	0.0350	0.1575	0.0000	-0.0574	0.9885	0.1397	0.0000	-0.1508	-0.1469	0.9776	0.0000	-0.7250	-0.1479	1.4187	1.0000
290	0.9872	0.0375	0.1550	0.0000	-0.0585	0.9894	0.1329	0.0000	-0.1484	-0.1403	0.9789	0.0000	-0.7258	-0.1530	1.4174	1.0000
291	0.9872	0.0375	0.1550	0.0000	-0.0585	0.9894	0.1329	0.0000	-0.1484	-0.1403	0.9789	0.0000	-0.7258	-0.1530	1.4174	1.0000
292	0.9875	0.0386	0.1530	0.0000	-0.0582	0.9903	0.1264	0.0000	-0.1466	-0.1337	0.9801	0.0000	-0.7264	-0.1581	1.4161	1.0000
293	0.9875	0.0386	0.1530	0.0000	-0.0582	0.9903	0.1264	0.0000	-0.1466	-0.1337	0.9801	0.0000	-0.7264	-0.1581	1.4161	1.0000
294	0.9875	0.0386	0.1528	0.0000	-0.0582	0.9903	0.1263	0.0000	-0.1465	-0.1336	0.9801	0.0000	-0.7264	-0.1580	1.4159	1.0000
295	0.9878	0.0391	0.1509	0.0000	-0.0576	0.9911	0.1202	0.0000	-0.1448	-0.1274	0.9812	0.0000	-0.7271	-0.1632	1.4147	1.0000
296	0.9881	0.0399	0.1488	0.0000	-0.0573	0.9918	0.1145	0.0000	-0.1430	-0.1216	0.9822	0.0000	-0.7278	-0.1682	1.4136	1.0000
297	0.9881	0.0399	0.1488	0.0000	-0.0573	0.9918	0.1145	0.0000	-0.1430	-0.1216	0.9822	0.0000	-0.7278	-0.1682	1.4136	1.0000
298	0.9881	0.0399	0.1488	0.0000	-0.0573	0.9918	0.1145	0.0000	-0.1430	-0.1216	0.9822	0.0000	-0.7278	-0.1682	1.4136	1.0000
299	0.9883	0.0412	0.1469	0.0000	-0.0578	0.9922	0.1107	0.0000	-0.1412	-0.1179	0.9829	0.0000	-0.7286	-0.1731	1.4125	1.0000
300	0.9884	0.0426	0.1456	0.0000	-0.0586	0.9925	0.1074	0.0000	-0.1399	-0.1147	0.9835	0.0000	-0.7287	-0.1778	1.4111	1.0000
301	0.9884	0.0426	0.1456	0.0000	-0.0586	0.9925	0.1074	0.0000	-0.1399	-0.1147	0.9835	0.0000	-0.7287	-0.1778	1.4111	1.0000
302	0.9885	0.0434	0.1447	0.0000	-0.0587	0.9929	0.1033	0.0000	-0.1392	-0.1106	0.9841	0.0000	-0.7295	-0.1822	1.4102	1.0000
303	0.9885	0.0434	0.1447	0.0000	-0.0587	0.9929	0.1033	0.0000	-0.1392	-0.1106	0.9841	0.0000	-0.7295	-0.1822	1.4102	1.0000
304	0.9886	0.0443	0.1438	0.0000	-0.0592	0.9931	0.1009	0.0000	-0.1383	-0.1082	0.9845	0.0000	-0.7303	-0.1864	1.4096	1.0000
305	0.9886	0.0442	0.1437	0.0000	-0.0591	0.9931	0.1009	0.0000	-0.1383	-0.1083	0.9845	0.0000	-0.7300	-0.1872	1.4103	1.0000
306	0.9886	0.0442	0.1437	0.0000	-0.0591	0.9931	0.1009	0.0000	-0.1383	-0.1083	0.9845	0.0000	-0.7300	-0.1872	1.4103	1.0000
307	0.9886	0.0454	0.1433	0.0000	-0.0599	0.9933	0.0988	0.0000	-0.1379	-0.1063	0.9847	0.0000	-0.7307	-0.1912	1.4098	1.0000
308	0.9886	0.0466	0.1430	0.0000	-0.0608	0.9935	0.0966	0.0000	-0.1375	-0.1042	0.9850	0.0000	-0.7314	-0.1950	1.4094	1.0000
309	0.9886	0.0466	0.1430	0.0000	-0.0608	0.9935	0.0966	0.0000	-0.1375	-0.1042	0.9850	0.0000	-0.7314	-0.1950	1.4094	1.0000
310	0.9887	0.0478	0.1424	0.0000	-0.0617	0.9936	0.0945	0.0000	-0.1370	-0.1022	0.9853	0.0000	-0.7320	-0.1986	1.4091	1.0000
311	0.9887	0.0477	0.1424	0.0000	-0.0616	0.9936	0.0945	0.0000	-0.1369	-0.1022	0.9853	0.0000	-0.7307	-0.1990	1.4089	1.0000
312	0.9887	0.0484	0.1421	0.0000	-0.0618	0.9939	0.0910	0.0000	-0.1368	-0.0988	0.9857	0.0000	-0.7311	-0.2025	1.4084	1.0000
313	0.9887	0.0484	0.1421	0.0000	-0.0618	0.9939	0.0910	0.0000	-0.1368	-0.0988	0.9857	0.0000	-0.7311	-0.2025	1.4084	1.0000
314	0.9887	0.0485	0.1416	0.0000	-0.0614	0.9942	0.0878	0.0000	-0.1366	-0.0955	0.9860	0.0000	-0.7314	-0.2059	1.4081	1.0000
315	0.9887	0.0485	0.1416	0.0000	-0.0614	0.9942	0.0878	0.0000	-0.1366	-0.0955	0.9860	0.0000	-0.7314	-0.2059	1.4081	1.0000
316	0.9889	0.0481	0.1406	0.0000	-0.0608	0.9943	0.0876	0.0000	-0.1355	-0.0951	0.9862	0.0000	-0.7317	-0.2093	1.4080	1.0000
317	0.9892	0.0471	0.1386	0.0000	-0.0597	0.9943	0.0888	0.0000	-0.1336	-0.0962	0.9864	0.0000	-0.7318	-0.2126	1.4079	1.0000
318	0.9893	0.0471	0.1384	0.0000	-0.0597	0.9943	0.0888	0.0000	-0.1335	-0.0961	0.9864	0.0000	-0.7317	-0.2122	1.4068	1.0000
319	0.9893	0.0471	0.1384	0.0000	-0.0597	0.9943	0.0888	0.0000	-0.1335	-0.0961	0.9864	0.0000	-0.7317	-0.2122	1.4068	1.0000
320	0.9898	0.0453	0.1354	0.0000	-0.0577	0.9943	0.0893	0.0000	-0.1305	-0.0962	0.9868	0.0000	-0.7317	-0.2154	1.4066	1.0000
321	0.9903	0.0430	0.1323	0.0000	-0.0551	0.9944	0.0897	0.0000	-0.1277	-0.0961	0.9871	0.0000	-0.7316	-0.2185	1.4063	1.0000
322	0.9903	0.0430	0.1323	0.0000	-0.0551	0.9944	0.0897	0.0000	-0.1277	-0.0961	0.9871	0.0000	-0.7316	-0.2185	1.4063	1.0000
323	0.9908	0.0401	0.1291	0.0000	-0.0521	0.9945	0.0909	0.0000	-0.1248	-0.0967	0.9875	0.0000	-0.7308	-0.2218	1.4070	1.0000
324	0.9908	0.0401	0.1291	0.0000	-0.0521	0.9945	0.0909	0.0000	-0.1248	-0.0967	0.9875	0.0000	-0.7308	-0.2218	1.4070	1.0000
325	0.9908	0.0401	0.1291	0.0000	-0.0521	0.9945	0.0909	0.0000	-0.1248	-0.0967	0.9875	0.0000	-0.7308	-0.2218	1.4070	1.0000
326	0.9915	0.0365	0.1248	0.0000	-0.0483	0.9945	0.0924	0.0000	-0.1208	-0.0977	0.9879	0.0000	-0.7305	-0.2246	1.4067	1.0000
327	0.9922	0.0325	0.1201	0.0000	-0.0437	0.9948	0.0921	0.0000	-0.1165	-0.0966	0.9885	0.0000	-0.7302	-0.2273	1.4063	1.0000
328	0.9922	0.0325	0.1201	0.0000	-0.0437	0.9948	0.0921	0.0000	-0.1165	-0.0966	0.9885	0.0000	-0.7302	-0.2273	1.4063	1.0000
329	0.9929	0.0288	0.1153	0.0000	-0.0394	0.9951	0.0909	0.0000	-0.1121	-0.0948	0.9892	0.0000	-0.7292	-0.2296	1.4066	1.0000
330	0.9929	0.0288	0.1153	0.0000	-0.0394	0.9951	0.0909	0.0000	-0.1121	-0.0948	0.9892	0.0000	-0.7292	-0.2296	1.4066	1.0000
331	0.9935	0.0257	0.1109	0.0000	-0.0358	0.9952	0.0906	0.0000	-0.1081	-0.0940	0.9897	0.0000	-0.7288	-0.2318	1.4063	1.0000
