0	0.9995	-0.0090	-0.0295	0.0000	0.0120	0.9946	0.1031	0.0000	0.0284	-0.1034	0.9942	0.0000	-0.1472	-0.1212	0.0619	1.0000
1	0.9995	-0.0090	-0.0306	0.0000	0.0121	0.9946	0.1031	0.0000	0.0295	-0.1034	0.9942	0.0000	-0.1470	-0.1212	0.0617	1.0000
2	0.9995	-0.0090	-0.0306	0.0000	0.0121	0.9946	0.1031	0.0000	0.0295	-0.1034	0.9942	0.0000	-0.1470	-0.1212	0.0617	1.0000
3	0.9995	-0.0087	-0.0314	0.0000	0.0119	0.9947	0.1025	0.0000	0.0303	-0.1028	0.9942	0.0000	-0.1467	-0.1212	0.0614	1.0000
4	0.9995	-0.0089	-0.0314	0.0000	0.0121	0.9946	0.1028	0.0000	0.0303	-0.1031	0.9942	0.0000	-0.1468	-0.1216	0.0616	1.0000
5	0.9994	-0.0089	-0.0321	0.0000	0.0121	0.9947	0.1019	0.0000	0.0311	-0.1023	0.9943	0.0000	-0.1465	-0.1217	0.0613	1.0000
6	0.9994	-0.0092	-0.0337	0.0000	0.0126	0.9948	0.1006	0.0000	0.0326	-0.1010	0.9944	0.0000	-0.1459	-0.1220	0.0606	1.0000
7	0.9994	-0.0092	-0.0335	0.0000	0.0125	0.9948	0.1010	0.0000	0.0324	-0.1013	0.9943	0.0000	-0.1464	-0.1228	0.0602	1.0000
8	0.9994	-0.0091	-0.0345	0.0000	0.0126	0.9946	0.1033	0.0000	0.0334	-0.1037	0.9940	0.0000	-0.1462	-0.1229	0.0602	1.0000
9	0.9994	-0.0091	-0.0345	0.0000	0.0126	0.9946	0.1033	0.0000	0.0334	-0.1037	0.9940	0.0000	-0.1462	-0.1229	0.0602	1.0000
10	0.9994	-0.0090	-0.0344	0.0000	0.0126	0.9945	0.1038	0.0000	0.0333	-0.1042	0.9940	0.0000	-0.1466	-0.1234	0.0606	1.0000
11	0.9994	-0.0087	-0.0326	0.0000	0.0121	0.9946	0.1028	0.0000	0.0316	-0.1031	0.9942	0.0000	-0.1464	-0.1236	0.0606	1.0000
12	0.9994	-0.0087	-0.0326	0.0000	0.0121	0.9946	0.1028	0.0000	0.0316	-0.1031	0.9942	0.0000	-0.1464	-0.1236	0.0606	1.0000
13	0.9994	-0.0087	-0.0326	0.0000	0.0121	0.9946	0.1028	0.0000	0.0316	-0.1031	0.9942	0.0000	-0.1464	-0.1236	0.0606	1.0000
14	0.9995	-0.0084	-0.0303	0.0000	0.0115	0.9946	0.1027	0.0000	0.0293	-0.1030	0.9942	0.0000	-0.1463	-0.1237	0.0606	1.0000
15	0.9995	-0.0084	-0.0303	0.0000	0.0115	0.9946	0.1027	0.0000	0.0293	-0.1030	0.9942	0.0000	-0.1463	-0.1237	0.0606	1.0000
16	0.9996	-0.0081	-0.0281	0.0000	0.0110	0.9947	0.1027	0.0000	0.0272	-0.1030	0.9943	0.0000	-0.1464	-0.1235	0.0607	1.0000
17	0.9996	-0.0081	-0.0281	0.0000	0.0110	0.9947	0.1027	0.0000	0.0272	-0.1030	0.9943	0.0000	-0.1464	-0.1235	0.0607	1.0000
18	0.9996	-0.0081	-0.0270	0.0000	0.0108	0.9946	0.1029	0.0000	0.0260	-0.1031	0.9943	0.0000	-0.1462	-0.1235	0.0607	1.0000
19	0.9996	-0.0081	-0.0270	0.0000	0.0108	0.9946	0.1029	0.0000	0.0260	-0.1031	0.9943	0.0000	-0.1462	-0.1235	0.0607	1.0000
20	0.9996	-0.0085	-0.0273	0.0000	0.0112	0.9946	0.1033	0.0000	0.0263	-0.1036	0.9943	0.0000	-0.1460	-0.1236	0.0607	1.0000
21	0.9996	-0.0084	-0.0272	0.0000	0.0112	0.9946	0.1035	0.0000	0.0262	-0.1037	0.9943	0.0000	-0.1465	-0.1235	0.0609	1.0000
22	0.9996	-0.0089	-0.0277	0.0000	0.0118	0.9946	0.1035	0.0000	0.0266	-0.1038	0.9942	0.0000	-0.1462	-0.1235	0.0607	1.0000
23	0.9996	-0.0095	-0.0277	0.0000	0.0123	0.9946	0.1032	0.0000	0.0266	-0.1035	0.9943	0.0000	-0.1460	-0.1236	0.0605	1.0000
24	0.9996	-0.0095	-0.0277	0.0000	0.0123	0.9946	0.1032	0.0000	0.0266	-0.1035	0.9943	0.0000	-0.1460	-0.1236	0.0605	1.0000
25	0.9996	-0.0095	-0.0277	0.0000	0.0123	0.9946	0.1032	0.0000	0.0266	-0.1035	0.9943	0.0000	-0.1460	-0.1236	0.0605	1.0000
26	0.9996	-0.0102	-0.0275	0.0000	0.0130	0.9946	0.1029	0.0000	0.0263	-0.1032	0.9943	0.0000	-0.1458	-0.1236	0.0604	1.0000
27	0.9996	-0.0101	-0.0275	0.0000	0.0129	0.9946	0.1031	0.0000	0.0263	-0.1034	0.9943	0.0000	-0.1469	-0.1236	0.0619	1.0000
28	0.9996	-0.0110	-0.0270	0.0000	0.0137	0.9947	0.1024	0.0000	0.0257	-0.1027	0.9944	0.0000	-0.1467	-0.1237	0.0618	1.0000
29	0.9996	-0.0110	-0.0270	0.0000	0.0137	0.9947	0.1024	0.0000	0.0257	-0.1027	0.9944	0.0000	-0.1467	-0.1237	0.0618	1.0000
30	0.9996	-0.0117	-0.0259	0.0000	0.0143	0.9946	0.1024	0.0000	0.0246	-0.1027	0.9944	0.0000	-0.1466	-0.1236	0.0619	1.0000
31	0.9996	-0.0120	-0.0253	0.0000	0.0146	0.9945	0.1033	0.0000	0.0239	-0.1036	0.9943	0.0000	-0.1464	-0.1235	0.0620	1.0000
32	0.9996	-0.0120	-0.0253	0.0000	0.0146	0.9945	0.1033	0.0000	0.0239	-0.1036	0.9943	0.0000	-0.1464	-0.1235	0.0620	1.0000
33	0.9996	-0.0120	-0.0252	0.0000	0.0146	0.9945	0.1041	0.0000	0.0238	-0.1044	0.9942	0.0000	-0.1462	-0.1235	0.0618	1.0000
34	0.9996	-0.0120	-0.0252	0.0000	0.0146	0.9945	0.1041	0.0000	0.0238	-0.1044	0.9942	0.0000	-0.1462	-0.1235	0.0618	1.0000
35	0.9996	-0.0119	-0.0252	0.0000	0.0145	0.9944	0.1042	0.0000	0.0238	-0.1045	0.9942	0.0000	-0.1460	-0.1234	0.0618	1.0000
36	0.9996	-0.0119	-0.0252	0.0000	0.0145	0.9944	0.1042	0.0000	0.0238	-0.1045	0.9942	0.0000	-0.1460	-0.1234	0.0618	1.0000
37	0.9996	-0.0117	-0.0253	0.0000	0.0143	0.9944	0.1049	0.0000	0.0239	-0.1052	0.9942	0.0000	-0.1458	-0.1232	0.0619	1.0000
38	0.9996	-0.0117	-0.0253	0.0000	0.0143	0.9944	0.1049	0.0000	0.0239	-0.1052	0.9942	0.0000	-0.1458	-0.1232	0.0619	1.0000
39	0.9996	-0.0117	-0.0255	0.0000	0.0143	0.9943	0.1056	0.0000	0.0241	-0.1059	0.9941	0.0000	-0.1463	-0.1233	0.0617	1.0000
40	0.9996	-0.0117	-0.0255	0.0000	0.0143	0.9943	0.1056	0.0000	0.0241	-0.1059	0.9941	0.0000	-0.1463	-0.1233	0.0617	1.0000
41	0.9996	-0.0121	-0.0264	0.0000	0.0148	0.9943	0.1054	0.0000	0.0249	-0.1058	0.9941	0.0000	-0.1461	-0.1233	0.0615	1.0000
42	0.9996	-0.0121	-0.0264	0.0000	0.0148	0.9943	0.1054	0.0000	0.0249	-0.1058	0.9941	0.0000	-0.1461	-0.1233	0.0615	1.0000
43	0.9996	-0.0128	-0.0271	0.0000	0.0156	0.9943	0.1051	0.0000	0.0256	-0.1055	0.9941	0.0000	-0.1459	-0.1233	0.0613	1.0000
44	0.9996	-0.0128	-0.0271	0.0000	0.0156	0.9943	0.1051	0.0000	0.0256	-0.1055	0.9941	0.0000	-0.1459	-0.1233	0.0613	1.0000
45	0.9995	-0.0136	-0.0274	0.0000	0.0164	0.9943	0.1051	0.0000	0.0258	-0.1055	0.9941	0.0000	-0.1458	-0.1233	0.0611	1.0000
46	0.9995	-0.0136	-0.0274	0.0000	0.0164	0.9943	0.1051	0.0000	0.0258	-0.1055	0.9941	0.0000	-0.1458	-0.1233	0.0611	1.0000
47	0.9995	-0.0140	-0.0269	0.0000	0.0167	0.9943	0.1054	0.0000	0.0253	-0.1058	0.9941	0.0000	-0.1460	-0.1233	0.0613	1.0000
48	0.9995	-0.0140	-0.0269	0.0000	0.0167	0.9943	0.1054	0.0000	0.0253	-0.1058	0.9941	0.0000	-0.1460	-0.1233	0.0613	1.0000
49	0.9995	-0.0141	-0.0265	0.0000	0.0168	0.9943	0.1054	0.0000	0.0249	-0.1058	0.9941	0.0000	-0.1460	-0.1233	0.0612	1.0000
50	0.9995	-0.0141	-0.0265	0.0000	0.0168	0.9943	0.1054	0.0000	0.0249	-0.1058	0.9941	0.0000	-0.1460	-0.1233	0.0612	1.0000
51	0.9995	-0.0142	-0.0267	0.0000	0.0169	0.9943	0.1050	0.0000	0.0250	-0.1054	0.9941	0.0000	-0.1459	-0.1232	0.0610	1.0000
52	0.9995	-0.0141	-0.0265	0.0000	0.0168	0.9943	0.1053	0.0000	0.0249	-0.1057	0.9941	0.0000	-0.1467	-0.1239	0.0618	1.0000
53	0.9995	-0.0142	-0.0266	0.0000	0.0169	0.9944	0.1046	0.0000	0.0250	-0.1050	0.9942	0.0000	-0.1467	-0.1239	0.0616	1.0000
54	0.9995	-0.0142	-0.0266	0.0000	0.0169	0.9944	0.1046	0.0000	0.0250	-0.1050	0.9942	0.0000	-0.1467	-0.1239	0.0616	1.0000
55	0.9996	-0.0141	-0.0265	0.0000	0.0168	0.9944	0.1047	0.0000	0.0249	-0.1051	0.9941	0.0000	-0.1467	-0.1239	0.0616	1.0000
56	0.9996	-0.0141	-0.0265	0.0000	0.0168	0.9944	0.1047	0.0000	0.0249	-0.1051	0.9941	0.0000	-0.1467	-0.1239	0.0616	1.0000
57	0.9996	-0.0141	-0.0261	0.0000	0.0168	0.9943	0.1057	0.0000	0.0245	-0.1061	0.9941	0.0000	-0.1467	-0.1237	0.0617	1.0000
58	0.9996	-0.0140	-0.0262	0.0000	0.0167	0.9942	0.1059	0.0000	0.0245	-0.1063	0.9940	0.0000	-0.1479	-0.1239	0.0635	1.0000
59	0.9995	-0.0146	-0.0264	0.0000	0.0173	0.9942	0.1064	0.0000	0.0247	-0.1068	0.9940	0.0000	-0.1480	-0.1237	0.0636	1.0000
60	0.9995	-0.0146	-0.0264	0.0000	0.0173	0.9942	0.1064	0.0000	0.0247	-0.1068	0.9940	0.0000	-0.1480	-0.1237	0.0636	1.0000
61	0.9995	-0.0155	-0.0271	0.0000	0.0183	0.9943	0.1053	0.0000	0.0253	-0.1057	0.9941	0.0000	-0.1480	-0.1236	0.0635	1.0000
62	0.9995	-0.0155	-0.0271	0.0000	0.0183	0.9943	0.1053	0.0000	0.0253	-0.1057	0.9941	0.0000	-0.1480	-0.1236	0.0635	1.0000
63	0.9995	-0.0163	-0.0278	0.0000	0.0191	0.9943	0.1045	0.0000	0.0260	-0.1049	0.9941	0.0000	-0.1480	-0.1236	0.0633	1.0000
64	0.9995	-0.0162	-0.0279	0.0000	0.0190	0.9943	0.1045	0.0000	0.0260	-0.1050	0.9941	0.0000	-0.1477	-0.1240	0.0636	1.0000
65	0.9994	-0.0169	-0.0291	0.0000	0.0198	0.9944	0.1034	0.0000	0.0272	-0.1039	0.9942	0.0000	-0.1476	-0.1240	0.0633	1.0000
66	0.9994	-0.0169	-0.0291	0.0000	0.0198	0.9944	0.1034	0.0000	0.0272	-0.1039	0.9942	0.0000	-0.1476	-0.1240	0.0633	1.0000
67	0.9994	-0.0175	-0.0304	0.0000	0.0205	0.9948	0.1002	0.0000	0.0285	-0.1008	0.9945	0.0000	-0.1476	-0.1241	0.0628	1.0000
68	0.9994	-0.0175	-0.0304	0.0000	0.0205	0.9948	0.1002	0.0000	0.0285	-0.1008	0.9945	0.0000	-0.1476	-0.1241	0.0628	1.0000
69	0.9994	-0.0175	-0.0312	0.0000	0.0205	0.9949	0.0986	0.0000	0.0293	-0.0992	0.9946	0.0000	-0.1474	-0.1248	0.0620	1.0000
70	0.9993	-0.0171	-0.0319	0.0000	0.0202	0.9948	0.0996	0.0000	0.0300	-0.1002	0.9945	0.0000	-0.1473	-0.1248	0.0620	1.0000
71	0.9993	-0.0171	-0.0319	0.0000	0.0202	0.9948	0.0996	0.0000	0.0300	-0.1002	0.9945	0.0000	-0.1473	-0.1248	0.0620	1.0000
72	0.9993	-0.0164	-0.0326	0.0000	0.0196	0.9946	0.1019	0.0000	0.0308	-0.1024	0.9943	0.0000	-0.1473	-0.1248	0.0622	1.0000
73	0.9993	-0.0164	-0.0326	0.0000	0.0196	0.9946	0.1019	0.0000	0.0308	-0.1024	0.9943	0.0000	-0.1473	-0.1248	0.0622	1.0000
74	0.9993	-0.0164	-0.0326	0.0000	0.0196	0.9946	0.1019	0.0000	0.0308	-0.1024	0.9943	0.0000	-0.1473	-0.1248	0.0622	1.0000
75	0.9993	-0.0152	-0.0327	0.0000	0.0186	0.9943	0.1048	0.0000	0.0309	-0.1053	0.9940	0.0000	-0.1468	-0.1244	0.0625	1.0000
76	0.9993	-0.0152	-0.0327	0.0000	0.0186	0.9943	0.1048	0.0000	0.0309	-0.1053	0.9940	0.0000	-0.1468	-0.1244	0.0625	1.0000
77	0.9993	-0.0143	-0.0333	0.0000	0.0178	0.9941	0.1074	0.0000	0.0316	-0.1079	0.9937	0.0000	-0.1468	-0.1242	0.0627	1.0000
78	0.9993	-0.0139	-0.0342	0.0000	0.0175	0.9940	0.1077	0.0000	0.0325	-0.1082	0.9936	0.0000	-0.1467	-0.1240	0.0628	1.0000
79	0.9993	-0.0139	-0.0342	0.0000	0.0175	0.9940	0.1077	0.0000	0.0325	-0.1082	0.9936	0.0000	-0.1467	-0.1240	0.0628	1.0000
80	0.9993	-0.0138	-0.0349	0.0000	0.0175	0.9940	0.1078	0.0000	0.0332	-0.1084	0.9936	0.0000	-0.1465	-0.1239	0.0629	1.0000
81	0.9993	-0.0138	-0.0349	0.0000	0.0175	0.9940	0.1080	0.0000	0.0332	-0.1085	0.9935	0.0000	-0.1465	-0.1245	0.0621	1.0000
82	0.9993	-0.0138	-0.0349	0.0000	0.0175	0.9940	0.1080	0.0000	0.0332	-0.1085	0.9935	0.0000	-0.1465	-0.1245	0.0621	1.0000
83	0.9993	-0.0137	-0.0355	0.0000	0.0175	0.9939	0.1085	0.0000	0.0338	-0.1090	0.9935	0.0000	-0.1464	-0.1244	0.0622	1.0000
84	0.9993	-0.0137	-0.0359	0.0000	0.0176	0.9938	0.1093	0.0000	0.0342	-0.1099	0.9934	0.0000	-0.1463	-0.1243	0.0623	1.0000
85	0.9993	-0.0137	-0.0359	0.0000	0.0176	0.9938	0.1093	0.0000	0.0342	-0.1099	0.9934	0.0000	-0.1463	-0.1243	0.0623	1.0000
86	0.9993	-0.0137	-0.0359	0.0000	0.0176	0.9938	0.1093	0.0000	0.0342	-0.1099	0.9934	0.0000	-0.1463	-0.1243	0.0623	1.0000
87	0.9992	-0.0141	-0.0361	0.0000	0.0180	0.9937	0.1106	0.0000	0.0343	-0.1111	0.9932	0.0000	-0.1462	-0.1243	0.0624	1.0000
88	0.9992	-0.0144	-0.0362	0.0000	0.0184	0.9936	0.1116	0.0000	0.0344	-0.1121	0.9931	0.0000	-0.1464	-0.1247	0.0631	1.0000
89	0.9992	-0.0144	-0.0362	0.0000	0.0184	0.9936	0.1116	0.0000	0.0344	-0.1121	0.9931	0.0000	-0.1464	-0.1247	0.0631	1.0000
90	0.9992	-0.0145	-0.0362	0.0000	0.0184	0.9936	0.1118	0.0000	0.0344	-0.1124	0.9931	0.0000	-0.1464	-0.1248	0.0632	1.0000
91	0.9992	-0.0145	-0.0362	0.0000	0.0184	0.9936	0.1118	0.0000	0.0344	-0.1124	0.9931	0.0000	-0.1464	-0.1248	0.0632	1.0000
92	0.9992	-0.0143	-0.0360	0.0000	0.0182	0.9936	0.1112	0.0000	0.0342	-0.1118	0.9931	0.0000	-0.1463	-0.1249	0.0632	1.0000
93	0.9993	-0.0141	-0.0360	0.0000	0.0180	0.9936	0.1112	0.0000	0.0342	-0.1118	0.9931	0.0000	-0.1467	-0.1251	0.0633	1.0000
94	0.9993	-0.0135	-0.0354	0.0000	0.0174	0.9936	0.1113	0.0000	0.0337	-0.1118	0.9932	0.0000	-0.1467	-0.1252	0.0634	1.0000
95	0.9993	-0.0135	-0.0354	0.0000	0.0174	0.9936	0.1113	0.0000	0.0337	-0.1118	0.9932	0.0000	-0.1467	-0.1252	0.0634	1.0000
96	0.9993	-0.0133	-0.0349	0.0000	0.0171	0.9937	0.1112	0.0000	0.0332	-0.1117	0.9932	0.0000	-0.1468	-0.1253	0.0636	1.0000
97	0.9993	-0.0133	-0.0349	0.0000	0.0171	0.9937	0.1112	0.0000	0.0332	-0.1117	0.9932	0.0000	-0.1468	-0.1253	0.0636	1.0000
98	0.9993	-0.0132	-0.0344	0.0000	0.0169	0.9937	0.1110	0.0000	0.0327	-0.1115	0.9932	0.0000	-0.1468	-0.1254	0.0637	1.0000
99	0.9993	-0.0132	-0.0344	0.0000	0.0169	0.9937	0.1110	0.0000	0.0327	-0.1115	0.9932	0.0000	-0.1468	-0.1254	0.0637	1.0000
100	0.9993	-0.0132	-0.0338	0.0000	0.0169	0.9936	0.1114	0.0000	0.0321	-0.1119	0.9932	0.0000	-0.1472	-0.1253	0.0644	1.0000
101	0.9993	-0.0132	-0.0338	0.0000	0.0169	0.9936	0.1114	0.0000	0.0321	-0.1119	0.9932	0.0000	-0.1472	-0.1253	0.0644	1.0000
102	0.9994	-0.0130	-0.0333	0.0000	0.0167	0.9936	0.1119	0.0000	0.0316	-0.1124	0.9932	0.0000	-0.1472	-0.1253	0.0646	1.0000
103	0.9994	-0.0130	-0.0333	0.0000	0.0167	0.9936	0.1119	0.0000	0.0316	-0.1124	0.9932	0.0000	-0.1472	-0.1253	0.0646	1.0000
104	0.9994	-0.0129	-0.0330	0.0000	0.0165	0.9936	0.1119	0.0000	0.0314	-0.1124	0.9932	0.0000	-0.1473	-0.1254	0.0649	1.0000
105	0.9994	-0.0129	-0.0330	0.0000	0.0165	0.9936	0.1120	0.0000	0.0313	-0.1125	0.9932	0.0000	-0.1465	-0.1254	0.0634	1.0000
106	0.9994	-0.0130	-0.0330	0.0000	0.0166	0.9935	0.1123	0.0000	0.0314	-0.1128	0.9931	0.0000	-0.1465	-0.1255	0.0636	1.0000
107	0.9994	-0.0130	-0.0330	0.0000	0.0166	0.9935	0.1123	0.0000	0.0314	-0.1128	0.9931	0.0000	-0.1465	-0.1255	0.0636	1.0000
108	0.9994	-0.0133	-0.0335	0.0000	0.0170	0.9935	0.1125	0.0000	0.0317	-0.1130	0.9931	0.0000	-0.1463	-0.1256	0.0636	1.0000
109	0.9994	-0.0133	-0.0335	0.0000	0.0170	0.9935	0.1125	0.0000	0.0317	-0.1130	0.9931	0.0000	-0.1463	-0.1256	0.0636	1.0000
110	0.9993	-0.0136	-0.0337	0.0000	0.0173	0.9935	0.1127	0.0000	0.0319	-0.1132	0.9931	0.0000	-0.1462	-0.1257	0.0637	1.0000
111	0.9993	-0.0136	-0.0337	0.0000	0.0173	0.9935	0.1127	0.0000	0.0319	-0.1132	0.9931	0.0000	-0.1462	-0.1257	0.0637	1.0000
112	0.9993	-0.0135	-0.0336	0.0000	0.0172	0.9935	0.1128	0.0000	0.0319	-0.1133	0.9930	0.0000	-0.1458	-0.1260	0.0626	1.0000
113	0.9993	-0.0139	-0.0335	0.0000	0.0176	0.9935	0.1128	0.0000	0.0318	-0.1133	0.9931	0.0000	-0.1457	-0.1261	0.0626	1.0000
114	0.9993	-0.0145	-0.0338	0.0000	0.0182	0.9935	0.1128	0.0000	0.0319	-0.1133	0.9930	0.0000	-0.1456	-0.1262	0.0626	1.0000
115	0.9993	-0.0145	-0.0338	0.0000	0.0182	0.9935	0.1128	0.0000	0.0319	-0.1133	0.9930	0.0000	-0.1456	-0.1262	0.0626	1.0000
116	0.9993	-0.0148	-0.0336	0.0000	0.0185	0.9934	0.1132	0.0000	0.0317	-0.1137	0.9930	0.0000	-0.1456	-0.1262	0.0627	1.0000
117	0.9993	-0.0147	-0.0337	0.0000	0.0185	0.9934	0.1132	0.0000	0.0318	-0.1138	0.9930	0.0000	-0.1453	-0.1261	0.0624	1.0000
118	0.9993	-0.0148	-0.0334	0.0000	0.0185	0.9933	0.1142	0.0000	0.0315	-0.1147	0.9929	0.0000	-0.1452	-0.1260	0.0626	1.0000
119	0.9993	-0.0148	-0.0334	0.0000	0.0185	0.9933	0.1142	0.0000	0.0315	-0.1147	0.9929	0.0000	-0.1452	-0.1260	0.0626	1.0000
120	0.9993	-0.0147	-0.0332	0.0000	0.0184	0.9932	0.1147	0.0000	0.0313	-0.1153	0.9928	0.0000	-0.1452	-0.1260	0.0627	1.0000
121	0.9993	-0.0147	-0.0332	0.0000	0.0184	0.9932	0.1147	0.0000	0.0313	-0.1153	0.9928	0.0000	-0.1452	-0.1260	0.0627	1.0000
122	0.9994	-0.0145	-0.0326	0.0000	0.0181	0.9932	0.1148	0.0000	0.0307	-0.1153	0.9929	0.0000	-0.1452	-0.1259	0.0628	1.0000
123	0.9994	-0.0145	-0.0328	0.0000	0.0182	0.9932	0.1148	0.0000	0.0309	-0.1153	0.9929	0.0000	-0.1446	-0.1254	0.0629	1.0000
124	0.9994	-0.0142	-0.0318	0.0000	0.0178	0.9931	0.1158	0.0000	0.0299	-0.1163	0.9928	0.0000	-0.1445	-0.1252	0.0631	1.0000
125	0.9994	-0.0142	-0.0318	0.0000	0.0178	0.9931	0.1158	0.0000	0.0299	-0.1163	0.9928	0.0000	-0.1445	-0.1252	0.0631	1.0000
126	0.9994	-0.0139	-0.0305	0.0000	0.0174	0.9930	0.1172	0.0000	0.0287	-0.1177	0.9926	0.0000	-0.1444	-0.1251	0.0634	1.0000
127	0.9994	-0.0139	-0.0305	0.0000	0.0174	0.9930	0.1172	0.0000	0.0287	-0.1177	0.9926	0.0000	-0.1444	-0.1251	0.0634	1.0000
128	0.9995	-0.0134	-0.0289	0.0000	0.0167	0.9929	0.1181	0.0000	0.0271	-0.1185	0.9926	0.0000	-0.1444	-0.1249	0.0637	1.0000
129	0.9995	-0.0132	-0.0289	0.0000	0.0165	0.9929	0.1181	0.0000	0.0271	-0.1186	0.9926	0.0000	-0.1456	-0.1254	0.0642	1.0000
130	0.9996	-0.0126	-0.0265	0.0000	0.0156	0.9928	0.1190	0.0000	0.0248	-0.1194	0.9925	0.0000	-0.1456	-0.1253	0.0645	1.0000
131	0.9996	-0.0123	-0.0244	0.0000	0.0151	0.9927	0.1197	0.0000	0.0227	-0.1200	0.9925	0.0000	-0.1455	-0.1252	0.0648	1.0000
132	0.9996	-0.0123	-0.0244	0.0000	0.0151	0.9927	0.1197	0.0000	0.0227	-0.1200	0.9925	0.0000	-0.1455	-0.1252	0.0648	1.0000
133	0.9996	-0.0123	-0.0244	0.0000	0.0151	0.9927	0.1197	0.0000	0.0227	-0.1200	0.9925	0.0000	-0.1455	-0.1252	0.0648	1.0000
134	0.9997	-0.0121	-0.0226	0.0000	0.0148	0.9927	0.1201	0.0000	0.0210	-0.1204	0.9925	0.0000	-0.1455	-0.1251	0.0651	1.0000
135	0.9997	-0.0120	-0.0226	0.0000	0.0147	0.9927	0.1201	0.0000	0.0210	-0.1204	0.9925	0.0000	-0.1451	-0.1251	0.0646	1.0000
136	0.9997	-0.0120	-0.0212	0.0000	0.0145	0.9926	0.1205	0.0000	0.0196	-0.1208	0.9925	0.0000	-0.1450	-0.1250	0.0649	1.0000
137	0.9997	-0.0119	-0.0199	0.0000	0.0142	0.9925	0.1211	0.0000	0.0183	-0.1213	0.9924	0.0000	-0.1448	-0.1249	0.0651	1.0000
138	0.9997	-0.0119	-0.0199	0.0000	0.0142	0.9925	0.1211	0.0000	0.0183	-0.1213	0.9924	0.0000	-0.1448	-0.1249	0.0651	1.0000
139	0.9998	-0.0117	-0.0184	0.0000	0.0139	0.9925	0.1217	0.0000	0.0168	-0.1219	0.9924	0.0000	-0.1447	-0.1247	0.0655	1.0000
140	0.9998	-0.0117	-0.0184	0.0000	0.0139	0.9925	0.1217	0.0000	0.0168	-0.1219	0.9924	0.0000	-0.1447	-0.1247	0.0655	1.0000
141	0.9998	-0.0117	-0.0184	0.0000	0.0138	0.9925	0.1217	0.0000	0.0169	-0.1220	0.9924	0.0000	-0.1443	-0.1249	0.0656	1.0000
142	0.9998	-0.0115	-0.0169	0.0000	0.0135	0.9924	0.1225	0.0000	0.0153	-0.1227	0.9923	0.0000	-0.1442	-0.1248	0.0659	1.0000
143	0.9998	-0.0115	-0.0153	0.0000	0.0133	0.9924	0.1226	0.0000	0.0138	-0.1228	0.9923	0.0000	-0.1440	-0.1247	0.0662	1.0000
144	0.9998	-0.0115	-0.0153	0.0000	0.0133	0.9924	0.1226	0.0000	0.0138	-0.1228	0.9923	0.0000	-0.1440	-0.1247	0.0662	1.0000
145	0.9998	-0.0115	-0.0153	0.0000	0.0133	0.9924	0.1226	0.0000	0.0138	-0.1228	0.9923	0.0000	-0.1440	-0.1247	0.0662	1.0000
146	0.9998	-0.0116	-0.0141	0.0000	0.0132	0.9923	0.1232	0.0000	0.0125	-0.1233	0.9923	0.0000	-0.1439	-0.1245	0.0665	1.0000
147	0.9998	-0.0116	-0.0141	0.0000	0.0132	0.9923	0.1232	0.0000	0.0125	-0.1233	0.9923	0.0000	-0.1439	-0.1245	0.0665	1.0000
148	0.9998	-0.0119	-0.0135	0.0000	0.0135	0.9924	0.1225	0.0000	0.0119	-0.1226	0.9924	0.0000	-0.1437	-0.1246	0.0665	1.0000
149	0.9998	-0.0127	-0.0130	0.0000	0.0142	0.9926	0.1203	0.0000	0.0113	-0.1204	0.9927	0.0000	-0.1436	-0.1245	0.0665	1.0000
150	0.9998	-0.0127	-0.0130	0.0000	0.0142	0.9926	0.1203	0.0000	0.0113	-0.1204	0.9927	0.0000	-0.1436	-0.1245	0.0665	1.0000
151	0.9998	-0.0127	-0.0130	0.0000	0.0142	0.9926	0.1203	0.0000	0.0113	-0.1204	0.9927	0.0000	-0.1436	-0.1245	0.0665	1.0000
152	0.9998	-0.0135	-0.0123	0.0000	0.0149	0.9927	0.1198	0.0000	0.0106	-0.1200	0.9927	0.0000	-0.1434	-0.1242	0.0666	1.0000
153	0.9998	-0.0146	-0.0118	0.0000	0.0159	0.9927	0.1194	0.0000	0.0100	-0.1196	0.9928	0.0000	-0.1433	-0.1239	0.0669	1.0000
154	0.9998	-0.0145	-0.0117	0.0000	0.0158	0.9927	0.1194	0.0000	0.0099	-0.1196	0.9928	0.0000	-0.1439	-0.1242	0.0663	1.0000
155	0.9998	-0.0145	-0.0117	0.0000	0.0158	0.9927	0.1194	0.0000	0.0099	-0.1196	0.9928	0.0000	-0.1439	-0.1242	0.0663	1.0000
156	0.9998	-0.0150	-0.0115	0.0000	0.0163	0.9927	0.1196	0.0000	0.0096	-0.1198	0.9928	0.0000	-0.1437	-0.1238	0.0666	1.0000
157	0.9998	-0.0155	-0.0110	0.0000	0.0168	0.9924	0.1215	0.0000	0.0090	-0.1217	0.9925	0.0000	-0.1437	-0.1234	0.0669	1.0000
158	0.9998	-0.0155	-0.0110	0.0000	0.0168	0.9924	0.1215	0.0000	0.0090	-0.1217	0.9925	0.0000	-0.1437	-0.1234	0.0669	1.0000
159	0.9998	-0.0158	-0.0100	0.0000	0.0169	0.9924	0.1221	0.0000	0.0080	-0.1223	0.9925	0.0000	-0.1436	-0.1231	0.0671	1.0000
160	0.9998	-0.0159	-0.0101	0.0000	0.0170	0.9924	0.1221	0.0000	0.0081	-0.1223	0.9925	0.0000	-0.1432	-0.1227	0.0672	1.0000
161	0.9998	-0.0160	-0.0092	0.0000	0.0170	0.9925	0.1212	0.0000	0.0072	-0.1213	0.9926	0.0000	-0.1431	-0.1224	0.0672	1.0000
162	0.9998	-0.0160	-0.0092	0.0000	0.0170	0.9925	0.1212	0.0000	0.0072	-0.1213	0.9926	0.0000	-0.1431	-0.1224	0.0672	1.0000
163	0.9998	-0.0160	-0.0092	0.0000	0.0170	0.9925	0.1212	0.0000	0.0072	-0.1213	0.9926	0.0000	-0.1431	-0.1224	0.0672	1.0000
164	0.9998	-0.0157	-0.0084	0.0000	0.0166	0.9925	0.1213	0.0000	0.0064	-0.1214	0.9926	0.0000	-0.1431	-0.1221	0.0673	1.0000
165	0.9999	-0.0153	-0.0075	0.0000	0.0161	0.9925	0.1211	0.0000	0.0056	-0.1212	0.9926	0.0000	-0.1430	-0.1219	0.0674	1.0000
166	0.9999	-0.0153	-0.0077	0.0000	0.0161	0.9925	0.1212	0.0000	0.0058	-0.1213	0.9926	0.0000	-0.1426	-0.1219	0.0682	1.0000
167	0.9999	-0.0153	-0.0077	0.0000	0.0161	0.9925	0.1212	0.0000	0.0058	-0.1213	0.9926	0.0000	-0.1426	-0.1219	0.0682	1.0000
168	0.9999	-0.0149	-0.0068	0.0000	0.0156	0.9925	0.1209	0.0000	0.0049	-0.1210	0.9926	0.0000	-0.1424	-0.1216	0.0684	1.0000
169	0.9999	-0.0147	-0.0060	0.0000	0.0153	0.9926	0.1203	0.0000	0.0042	-0.1203	0.9927	0.0000	-0.1423	-0.1215	0.0685	1.0000
170	0.9999	-0.0147	-0.0060	0.0000	0.0153	0.9926	0.1203	0.0000	0.0042	-0.1203	0.9927	0.0000	-0.1423	-0.1215	0.0685	1.0000
171	0.9999	-0.0148	-0.0055	0.0000	0.0153	0.9928	0.1187	0.0000	0.0037	-0.1188	0.9929	0.0000	-0.1421	-0.1214	0.0685	1.0000
172	0.9999	-0.0147	-0.0055	0.0000	0.0152	0.9928	0.1186	0.0000	0.0037	-0.1187	0.9929	0.0000	-0.1426	-0.1216	0.0685	1.0000
173	0.9999	-0.0148	-0.0050	0.0000	0.0153	0.9929	0.1177	0.0000	0.0032	-0.1178	0.9930	0.0000	-0.1424	-0.1216	0.0685	1.0000
174	0.9999	-0.0148	-0.0050	0.0000	0.0153	0.9929	0.1177	0.0000	0.0032	-0.1178	0.9930	0.0000	-0.1424	-0.1216	0.0685	1.0000
175	0.9999	-0.0149	-0.0044	0.0000	0.0153	0.9930	0.1171	0.0000	0.0026	-0.1172	0.9931	0.0000	-0.1423	-0.1215	0.0687	1.0000
176	0.9999	-0.0149	-0.0044	0.0000	0.0153	0.9930	0.1171	0.0000	0.0026	-0.1172	0.9931	0.0000	-0.1423	-0.1215	0.0687	1.0000
177	0.9999	-0.0148	-0.0035	0.0000	0.0151	0.9931	0.1161	0.0000	0.0018	-0.1162	0.9932	0.0000	-0.1420	-0.1215	0.0690	1.0000
178	0.9999	-0.0148	-0.0035	0.0000	0.0151	0.9931	0.1161	0.0000	0.0018	-0.1162	0.9932	0.0000	-0.1420	-0.1215	0.0690	1.0000
179	0.9999	-0.0143	-0.0023	0.0000	0.0144	0.9933	0.1147	0.0000	0.0007	-0.1147	0.9934	0.0000	-0.1419	-0.1214	0.0691	1.0000
180	0.9999	-0.0143	-0.0023	0.0000	0.0144	0.9933	0.1147	0.0000	0.0007	-0.1147	0.9934	0.0000	-0.1419	-0.1214	0.0691	1.0000
181	0.9999	-0.0136	-0.0010	0.0000	0.0136	0.9934	0.1136	0.0000	-0.0005	-0.1136	0.9935	0.0000	-0.1418	-0.1213	0.0692	1.0000
182	0.9999	-0.0130	0.0000	0.0000	0.0129	0.9935	0.1132	0.0000	-0.0015	-0.1132	0.9936	0.0000	-0.1417	-0.1212	0.0693	1.0000
183	0.9999	-0.0130	0.0000	0.0000	0.0129	0.9935	0.1132	0.0000	-0.0015	-0.1132	0.9936	0.0000	-0.1417	-0.1212	0.0693	1.0000
184	0.9999	-0.0125	0.0007	0.0000	0.0124	0.9935	0.1130	0.0000	-0.0021	-0.1130	0.9936	0.0000	-0.1416	-0.1214	0.0693	1.0000
185	0.9999	-0.0125	0.0007	0.0000	0.0124	0.9935	0.1130	0.0000	-0.0021	-0.1130	0.9936	0.0000	-0.1416	-0.1214	0.0693	1.0000
186	0.9999	-0.0125	0.0007	0.0000	0.0124	0.9935	0.1130	0.0000	-0.0021	-0.1130	0.9936	0.0000	-0.1416	-0.1214	0.0693	1.0000
187	0.9999	-0.0122	0.0013	0.0000	0.0120	0.9936	0.1125	0.0000	-0.0027	-0.1125	0.9936	0.0000	-0.1416	-0.1213	0.0693	1.0000
188	0.9999	-0.0122	0.0013	0.0000	0.0120	0.9936	0.1125	0.0000	-0.0027	-0.1125	0.9936	0.0000	-0.1416	-0.1213	0.0693	1.0000
189	0.9999	-0.0120	0.0017	0.0000	0.0117	0.9936	0.1123	0.0000	-0.0030	-0.1123	0.9937	0.0000	-0.1415	-0.1212	0.0699	1.0000
190	0.9999	-0.0120	0.0017	0.0000	0.0117	0.9936	0.1123	0.0000	-0.0030	-0.1123	0.9937	0.0000	-0.1415	-0.1212	0.0699	1.0000
191	0.9999	-0.0118	0.0022	0.0000	0.0115	0.9937	0.1117	0.0000	-0.0035	-0.1117	0.9937	0.0000	-0.1416	-0.1210	0.0698	1.0000
192	0.9999	-0.0118	0.0025	0.0000	0.0114	0.9938	0.1106	0.0000	-0.0038	-0.1106	0.9939	0.0000	-0.1416	-0.1210	0.0698	1.0000
193	0.9999	-0.0118	0.0025	0.0000	0.0114	0.9938	0.1106	0.0000	-0.0038	-0.1106	0.9939	0.0000	-0.1416	-0.1210	0.0698	1.0000
194	0.9999	-0.0118	0.0025	0.0000	0.0114	0.9938	0.1106	0.0000	-0.0038	-0.1106	0.9939	0.0000	-0.1416	-0.1210	0.0698	1.0000
195	0.9999	-0.0116	0.0027	0.0000	0.0112	0.9939	0.1100	0.0000	-0.0040	-0.1099	0.9939	0.0000	-0.1412	-0.1212	0.0703	1.0000
196	0.9999	-0.0118	0.0031	0.0000	0.0114	0.9940	0.1088	0.0000	-0.0043	-0.1088	0.9941	0.0000	-0.1412	-0.1214	0.0702	1.0000
197	0.9999	-0.0118	0.0031	0.0000	0.0114	0.9940	0.1088	0.0000	-0.0043	-0.1088	0.9941	0.0000	-0.1412	-0.1214	0.0702	1.0000
198	0.9999	-0.0120	0.0036	0.0000	0.0115	0.9942	0.1065	0.0000	-0.0049	-0.1064	0.9943	0.0000	-0.1411	-0.1216	0.0701	1.0000
199	0.9999	-0.0120	0.0036	0.0000	0.0115	0.9942	0.1065	0.0000	-0.0049	-0.1064	0.9943	0.0000	-0.1411	-0.1216	0.0701	1.0000
200	0.9999	-0.0120	0.0036	0.0000	0.0115	0.9942	0.1065	0.0000	-0.0049	-0.1064	0.9943	0.0000	-0.1411	-0.1216	0.0701	1.0000
201	0.9999	-0.0125	0.0041	0.0000	0.0120	0.9946	0.1032	0.0000	-0.0053	-0.1031	0.9947	0.0000	-0.1409	-0.1222	0.0698	1.0000
202	0.9999	-0.0131	0.0046	0.0000	0.0126	0.9950	0.0995	0.0000	-0.0059	-0.0994	0.9950	0.0000	-0.1408	-0.1226	0.0695	1.0000
203	0.9999	-0.0131	0.0046	0.0000	0.0126	0.9950	0.0995	0.0000	-0.0059	-0.0994	0.9950	0.0000	-0.1408	-0.1226	0.0695	1.0000
204	0.9999	-0.0131	0.0046	0.0000	0.0126	0.9950	0.0995	0.0000	-0.0059	-0.0994	0.9950	0.0000	-0.1408	-0.1226	0.0695	1.0000
205	0.9999	-0.0138	0.0053	0.0000	0.0132	0.9954	0.0944	0.0000	-0.0066	-0.0944	0.9955	0.0000	-0.1407	-0.1231	0.0691	1.0000
206	0.9999	-0.0142	0.0060	0.0000	0.0136	0.9958	0.0908	0.0000	-0.0073	-0.0907	0.9959	0.0000	-0.1406	-0.1235	0.0688	1.0000
207	0.9999	-0.0142	0.0060	0.0000	0.0136	0.9958	0.0908	0.0000	-0.0073	-0.0907	0.9959	0.0000	-0.1406	-0.1235	0.0688	1.0000
208	0.9999	-0.0143	0.0067	0.0000	0.0136	0.9961	0.0874	0.0000	-0.0079	-0.0873	0.9962	0.0000	-0.1410	-0.1241	0.0690	1.0000
209	0.9999	-0.0143	0.0067	0.0000	0.0136	0.9961	0.0874	0.0000	-0.0079	-0.0873	0.9962	0.0000	-0.1410	-0.1241	0.0690	1.0000
210	0.9999	-0.0141	0.0068	0.0000	0.0134	0.9963	0.0850	0.0000	-0.0080	-0.0849	0.9964	0.0000	-0.1411	-0.1243	0.0688	1.0000
211	0.9999	-0.0141	0.0068	0.0000	0.0134	0.9963	0.0850	0.0000	-0.0080	-0.0849	0.9964	0.0000	-0.1411	-0.1243	0.0688	1.0000
212	0.9999	-0.0135	0.0071	0.0000	0.0129	0.9964	0.0841	0.0000	-0.0082	-0.0840	0.9964	0.0000	-0.1412	-0.1242	0.0688	1.0000
213	0.9999	-0.0135	0.0071	0.0000	0.0129	0.9964	0.0841	0.0000	-0.0082	-0.0840	0.9964	0.0000	-0.1412	-0.1242	0.0688	1.0000
214	0.9999	-0.0134	0.0071	0.0000	0.0127	0.9964	0.0841	0.0000	-0.0082	-0.0840	0.9964	0.0000	-0.1415	-0.1244	0.0689	1.0000
215	0.9999	-0.0130	0.0064	0.0000	0.0124	0.9963	0.0854	0.0000	-0.0075	-0.0853	0.9963	0.0000	-0.1417	-0.1241	0.0691	1.0000
216	0.9999	-0.0126	0.0047	0.0000	0.0121	0.9961	0.0876	0.0000	-0.0058	-0.0875	0.9961	0.0000	-0.1421	-0.1236	0.0693	1.0000
217	0.9999	-0.0126	0.0047	0.0000	0.0121	0.9961	0.0876	0.0000	-0.0058	-0.0875	0.9961	0.0000	-0.1421	-0.1236	0.0693	1.0000
218	0.9999	-0.0121	0.0024	0.0000	0.0119	0.9960	0.0891	0.0000	-0.0035	-0.0890	0.9960	0.0000	-0.1426	-0.1229	0.0696	1.0000
219	0.9999	-0.0120	0.0024	0.0000	0.0118	0.9960	0.0891	0.0000	-0.0034	-0.0891	0.9960	0.0000	-0.1423	-0.1227	0.0696	1.0000
220	0.9999	-0.0114	-0.0008	0.0000	0.0115	0.9957	0.0921	0.0000	-0.0002	-0.0921	0.9958	0.0000	-0.1429	-0.1217	0.0699	1.0000
221	0.9999	-0.0114	-0.0008	0.0000	0.0115	0.9957	0.0921	0.0000	-0.0002	-0.0921	0.9958	0.0000	-0.1429	-0.1217	0.0699	1.0000
222	0.9999	-0.0106	-0.0040	0.0000	0.0109	0.9954	0.0953	0.0000	0.0030	-0.0953	0.9954	0.0000	-0.1436	-0.1206	0.0703	1.0000
223	0.9999	-0.0106	-0.0040	0.0000	0.0109	0.9954	0.0953	0.0000	0.0030	-0.0953	0.9954	0.0000	-0.1436	-0.1206	0.0703	1.0000
224	0.9999	-0.0096	-0.0070	0.0000	0.0102	0.9951	0.0987	0.0000	0.0060	-0.0988	0.9951	0.0000	-0.1445	-0.1194	0.0708	1.0000
225	0.9999	-0.0096	-0.0070	0.0000	0.0102	0.9951	0.0987	0.0000	0.0060	-0.0988	0.9951	0.0000	-0.1445	-0.1194	0.0708	1.0000
226	0.9999	-0.0086	-0.0098	0.0000	0.0095	0.9947	0.1024	0.0000	0.0088	-0.1025	0.9947	0.0000	-0.1458	-0.1180	0.0722	1.0000
227	0.9999	-0.0086	-0.0098	0.0000	0.0095	0.9947	0.1024	0.0000	0.0088	-0.1025	0.9947	0.0000	-0.1458	-0.1180	0.0722	1.0000
228	0.9999	-0.0079	-0.0127	0.0000	0.0092	0.9944	0.1053	0.0000	0.0118	-0.1054	0.9944	0.0000	-0.1467	-0.1169	0.0728	1.0000
229	0.9999	-0.0079	-0.0127	0.0000	0.0092	0.9944	0.1053	0.0000	0.0118	-0.1054	0.9944	0.0000	-0.1467	-0.1169	0.0728	1.0000
230	0.9998	-0.0077	-0.0155	0.0000	0.0094	0.9941	0.1077	0.0000	0.0146	-0.1079	0.9941	0.0000	-0.1476	-0.1159	0.0733	1.0000
231	0.9998	-0.0077	-0.0155	0.0000	0.0094	0.9941	0.1077	0.0000	0.0146	-0.1079	0.9941	0.0000	-0.1476	-0.1159	0.0733	1.0000
232	0.9998	-0.0080	-0.0184	0.0000	0.0100	0.9939	0.1095	0.0000	0.0174	-0.1097	0.9938	0.0000	-0.1489	-0.1154	0.0733	1.0000
233	0.9998	-0.0080	-0.0184	0.0000	0.0100	0.9939	0.1095	0.0000	0.0174	-0.1097	0.9938	0.0000	-0.1489	-0.1154	0.0733	1.0000
234	0.9997	-0.0084	-0.0214	0.0000	0.0107	0.9938	0.1103	0.0000	0.0204	-0.1105	0.9937	0.0000	-0.1497	-0.1149	0.0736	1.0000
235	0.9997	-0.0084	-0.0214	0.0000	0.0107	0.9938	0.1103	0.0000	0.0204	-0.1105	0.9937	0.0000	-0.1497	-0.1149	0.0736	1.0000
236	0.9997	-0.0089	-0.0245	0.0000	0.0115	0.9939	0.1101	0.0000	0.0234	-0.1104	0.9936	0.0000	-0.1505	-0.1146	0.0738	1.0000
237	0.9997	-0.0089	-0.0245	0.0000	0.0115	0.9939	0.1101	0.0000	0.0234	-0.1104	0.9936	0.0000	-0.1505	-0.1146	0.0738	1.0000
238	0.9996	-0.0099	-0.0279	0.0000	0.0129	0.9940	0.1090	0.0000	0.0267	-0.1093	0.9937	0.0000	-0.1514	-0.1150	0.0737	1.0000
239	0.9994	-0.0114	-0.0316	0.0000	0.0147	0.9941	0.1078	0.0000	0.0302	-0.1082	0.9937	0.0000	-0.1522	-0.1152	0.0737	1.0000
240	0.9994	-0.0114	-0.0316	0.0000	0.0147	0.9941	0.1078	0.0000	0.0302	-0.1082	0.9937	0.0000	-0.1522	-0.1152	0.0737	1.0000
241	0.9994	-0.0114	-0.0316	0.0000	0.0147	0.9941	0.1078	0.0000	0.0302	-0.1082	0.9937	0.0000	-0.1522	-0.1152	0.0737	1.0000
242	0.9993	-0.0129	-0.0351	0.0000	0.0165	0.9942	0.1063	0.0000	0.0335	-0.1068	0.9937	0.0000	-0.1529	-0.1156	0.0736	1.0000
243	0.9993	-0.0129	-0.0351	0.0000	0.0166	0.9942	0.1063	0.0000	0.0336	-0.1068	0.9937	0.0000	-0.1527	-0.1156	0.0746	1.0000
244	0.9992	-0.0142	-0.0378	0.0000	0.0181	0.9944	0.1041	0.0000	0.0361	-0.1047	0.9938	0.0000	-0.1533	-0.1160	0.0745	1.0000
245	0.9991	-0.0153	-0.0393	0.0000	0.0192	0.9946	0.1021	0.0000	0.0375	-0.1027	0.9940	0.0000	-0.1538	-0.1163	0.0744	1.0000
246	0.9991	-0.0153	-0.0393	0.0000	0.0192	0.9946	0.1021	0.0000	0.0375	-0.1027	0.9940	0.0000	-0.1538	-0.1163	0.0744	1.0000
247	0.9991	-0.0153	-0.0393	0.0000	0.0192	0.9946	0.1021	0.0000	0.0375	-0.1027	0.9940	0.0000	-0.1538	-0.1163	0.0744	1.0000
248	0.9991	-0.0159	-0.0395	0.0000	0.0197	0.9948	0.1002	0.0000	0.0377	-0.1009	0.9942	0.0000	-0.1542	-0.1167	0.0744	1.0000
249	0.9991	-0.0162	-0.0386	0.0000	0.0199	0.9949	0.0985	0.0000	0.0368	-0.0992	0.9944	0.0000	-0.1548	-0.1175	0.0744	1.0000
250	0.9991	-0.0162	-0.0386	0.0000	0.0199	0.9949	0.0985	0.0000	0.0368	-0.0992	0.9944	0.0000	-0.1548	-0.1175	0.0744	1.0000
251	0.9992	-0.0161	-0.0369	0.0000	0.0196	0.9951	0.0964	0.0000	0.0352	-0.0971	0.9947	0.0000	-0.1550	-0.1179	0.0743	1.0000
252	0.9992	-0.0161	-0.0369	0.0000	0.0196	0.9951	0.0964	0.0000	0.0352	-0.0971	0.9947	0.0000	-0.1550	-0.1179	0.0743	1.0000
253	0.9992	-0.0161	-0.0369	0.0000	0.0196	0.9951	0.0964	0.0000	0.0352	-0.0971	0.9947	0.0000	-0.1550	-0.1179	0.0743	1.0000
254	0.9993	-0.0158	-0.0347	0.0000	0.0189	0.9954	0.0938	0.0000	0.0330	-0.0944	0.9950	0.0000	-0.1552	-0.1185	0.0742	1.0000
255	0.9994	-0.0156	-0.0321	0.0000	0.0185	0.9956	0.0914	0.0000	0.0306	-0.0919	0.9953	0.0000	-0.1553	-0.1188	0.0748	1.0000
256	0.9994	-0.0156	-0.0321	0.0000	0.0185	0.9956	0.0914	0.0000	0.0306	-0.0919	0.9953	0.0000	-0.1553	-0.1188	0.0748	1.0000
257	0.9994	-0.0157	-0.0297	0.0000	0.0183	0.9959	0.0891	0.0000	0.0282	-0.0896	0.9956	0.0000	-0.1552	-0.1195	0.0746	1.0000
258	0.9994	-0.0157	-0.0297	0.0000	0.0183	0.9959	0.0891	0.0000	0.0282	-0.0896	0.9956	0.0000	-0.1552	-0.1195	0.0746	1.0000
259	0.9995	-0.0159	-0.0277	0.0000	0.0183	0.9960	0.0869	0.0000	0.0262	-0.0874	0.9958	0.0000	-0.1550	-0.1202	0.0744	1.0000
260	0.9995	-0.0159	-0.0277	0.0000	0.0183	0.9960	0.0869	0.0000	0.0262	-0.0874	0.9958	0.0000	-0.1550	-0.1202	0.0744	1.0000
261	0.9995	-0.0161	-0.0259	0.0000	0.0183	0.9962	0.0848	0.0000	0.0244	-0.0852	0.9961	0.0000	-0.1551	-0.1206	0.0753	1.0000
262	0.9995	-0.0161	-0.0259	0.0000	0.0183	0.9962	0.0848	0.0000	0.0244	-0.0852	0.9961	0.0000	-0.1551	-0.1206	0.0753	1.0000
263	0.9995	-0.0161	-0.0259	0.0000	0.0183	0.9962	0.0848	0.0000	0.0244	-0.0852	0.9961	0.0000	-0.1551	-0.1206	0.0753	1.0000
264	0.9996	-0.0164	-0.0239	0.0000	0.0183	0.9965	0.0820	0.0000	0.0224	-0.0824	0.9963	0.0000	-0.1547	-0.1214	0.0750	1.0000
265	0.9996	-0.0165	-0.0214	0.0000	0.0181	0.9967	0.0792	0.0000	0.0200	-0.0796	0.9966	0.0000	-0.1544	-0.1223	0.0748	1.0000
266	0.9996	-0.0165	-0.0214	0.0000	0.0181	0.9967	0.0792	0.0000	0.0200	-0.0796	0.9966	0.0000	-0.1544	-0.1223	0.0748	1.0000
267	0.9997	-0.0162	-0.0186	0.0000	0.0176	0.9969	0.0764	0.0000	0.0173	-0.0767	0.9969	0.0000	-0.1548	-0.1225	0.0752	1.0000
268	0.9997	-0.0162	-0.0186	0.0000	0.0176	0.9969	0.0764	0.0000	0.0173	-0.0767	0.9969	0.0000	-0.1548	-0.1225	0.0752	1.0000
269	0.9998	-0.0155	-0.0153	0.0000	0.0166	0.9972	0.0731	0.0000	0.0141	-0.0733	0.9972	0.0000	-0.1546	-0.1234	0.0749	1.0000
270	0.9998	-0.0155	-0.0153	0.0000	0.0166	0.9972	0.0731	0.0000	0.0141	-0.0733	0.9972	0.0000	-0.1546	-0.1234	0.0749	1.0000
271	0.9998	-0.0155	-0.0153	0.0000	0.0166	0.9972	0.0731	0.0000	0.0141	-0.0733	0.9972	0.0000	-0.1546	-0.1234	0.0749	1.0000
272	0.9998	-0.0142	-0.0123	0.0000	0.0150	0.9974	0.0702	0.0000	0.0112	-0.0704	0.9975	0.0000	-0.1544	-0.1242	0.0747	1.0000
273	0.9999	-0.0129	-0.0098	0.0000	0.0135	0.9976	0.0673	0.0000	0.0089	-0.0674	0.9977	0.0000	-0.1549	-0.1249	0.0746	1.0000
274	0.9999	-0.0129	-0.0098	0.0000	0.0135	0.9976	0.0673	0.0000	0.0089	-0.0674	0.9977	0.0000	-0.1549	-0.1249	0.0746	1.0000
275	0.9999	-0.0123	-0.0081	0.0000	0.0128	0.9979	0.0642	0.0000	0.0073	-0.0642	0.9979	0.0000	-0.1549	-0.1257	0.0744	1.0000
276	0.9999	-0.0123	-0.0081	0.0000	0.0128	0.9979	0.0642	0.0000	0.0073	-0.0642	0.9979	0.0000	-0.1549	-0.1257	0.0744	1.0000
277	0.9999	-0.0120	-0.0068	0.0000	0.0124	0.9980	0.0616	0.0000	0.0060	-0.0617	0.9981	0.0000	-0.1548	-0.1264	0.0742	1.0000
278	0.9999	-0.0120	-0.0068	0.0000	0.0124	0.9980	0.0616	0.0000	0.0060	-0.0617	0.9981	0.0000	-0.1548	-0.1264	0.0742	1.0000
279	0.9999	-0.0122	-0.0058	0.0000	0.0126	0.9981	0.0596	0.0000	0.0050	-0.0596	0.9982	0.0000	-0.1547	-0.1271	0.0740	1.0000
280	0.9999	-0.0122	-0.0058	0.0000	0.0125	0.9981	0.0595	0.0000	0.0051	-0.0596	0.9982	0.0000	-0.1548	-0.1270	0.0737	1.0000
281	0.9999	-0.0125	-0.0055	0.0000	0.0127	0.9983	0.0575	0.0000	0.0048	-0.0576	0.9983	0.0000	-0.1547	-0.1277	0.0735	1.0000
282	0.9999	-0.0125	-0.0055	0.0000	0.0127	0.9983	0.0575	0.0000	0.0048	-0.0576	0.9983	0.0000	-0.1547	-0.1277	0.0735	1.0000
283	0.9999	-0.0127	-0.0054	0.0000	0.0130	0.9984	0.0556	0.0000	0.0047	-0.0556	0.9984	0.0000	-0.1545	-0.1284	0.0732	1.0000
284	0.9999	-0.0127	-0.0054	0.0000	0.0130	0.9984	0.0556	0.0000	0.0047	-0.0556	0.9984	0.0000	-0.1545	-0.1284	0.0732	1.0000
285	0.9999	-0.0127	-0.0055	0.0000	0.0130	0.9985	0.0538	0.0000	0.0048	-0.0539	0.9985	0.0000	-0.1543	-0.1290	0.0729	1.0000
286	0.9999	-0.0126	-0.0055	0.0000	0.0129	0.9985	0.0538	0.0000	0.0048	-0.0539	0.9985	0.0000	-0.1537	-0.1291	0.0718	1.0000
287	0.9999	-0.0125	-0.0052	0.0000	0.0128	0.9985	0.0526	0.0000	0.0045	-0.0527	0.9986	0.0000	-0.1535	-0.1297	0.0715	1.0000
288	0.9999	-0.0125	-0.0052	0.0000	0.0128	0.9985	0.0526	0.0000	0.0045	-0.0527	0.9986	0.0000	-0.1535	-0.1297	0.0715	1.0000
289	0.9999	-0.0129	-0.0049	0.0000	0.0131	0.9986	0.0512	0.0000	0.0042	-0.0513	0.9987	0.0000	-0.1532	-0.1303	0.0713	1.0000
290	0.9999	-0.0129	-0.0049	0.0000	0.0131	0.9986	0.0512	0.0000	0.0042	-0.0513	0.9987	0.0000	-0.1532	-0.1303	0.0713	1.0000
291	0.9999	-0.0134	-0.0043	0.0000	0.0136	0.9987	0.0500	0.0000	0.0037	-0.0501	0.9987	0.0000	-0.1529	-0.1310	0.0711	1.0000
292	0.9999	-0.0134	-0.0044	0.0000	0.0136	0.9987	0.0501	0.0000	0.0037	-0.0502	0.9987	0.0000	-0.1530	-0.1313	0.0706	1.0000
293	0.9999	-0.0141	-0.0034	0.0000	0.0143	0.9987	0.0483	0.0000	0.0027	-0.0483	0.9988	0.0000	-0.1527	-0.1321	0.0703	1.0000
294	0.9999	-0.0146	-0.0021	0.0000	0.0147	0.9988	0.0458	0.0000	0.0015	-0.0459	0.9989	0.0000	-0.1525	-0.1330	0.0699	1.0000
295	0.9999	-0.0146	-0.0021	0.0000	0.0147	0.9988	0.0458	0.0000	0.0015	-0.0459	0.9989	0.0000	-0.1525	-0.1330	0.0699	1.0000
296	0.9999	-0.0146	-0.0021	0.0000	0.0147	0.9988	0.0458	0.0000	0.0015	-0.0459	0.9989	0.0000	-0.1525	-0.1330	0.0699	1.0000
297	0.9999	-0.0148	-0.0011	0.0000	0.0148	0.9989	0.0436	0.0000	0.0005	-0.0436	0.9990	0.0000	-0.1523	-0.1335	0.0692	1.0000
298	0.9999	-0.0146	-0.0003	0.0000	0.0146	0.9990	0.0418	0.0000	-0.0004	-0.0418	0.9991	0.0000	-0.1522	-0.1343	0.0688	1.0000
299	0.9999	-0.0146	-0.0003	0.0000	0.0146	0.9990	0.0418	0.0000	-0.0004	-0.0418	0.9991	0.0000	-0.1522	-0.1343	0.0688	1.0000
300	0.9999	-0.0142	0.0007	0.0000	0.0141	0.9991	0.0400	0.0000	-0.0013	-0.0400	0.9992	0.0000	-0.1521	-0.1350	0.0683	1.0000
301	0.9999	-0.0142	0.0007	0.0000	0.0141	0.9991	0.0400	0.0000	-0.0013	-0.0400	0.9992	0.0000	-0.1521	-0.1350	0.0683	1.0000
302	0.9999	-0.0140	0.0012	0.0000	0.0139	0.9991	0.0389	0.0000	-0.0017	-0.0389	0.9992	0.0000	-0.1521	-0.1357	0.0679	1.0000
303	0.9999	-0.0140	0.0012	0.0000	0.0139	0.9991	0.0389	0.0000	-0.0017	-0.0389	0.9992	0.0000	-0.1521	-0.1357	0.0679	1.0000
304	0.9999	-0.0139	0.0014	0.0000	0.0138	0.9992	0.0379	0.0000	-0.0019	-0.0379	0.9993	0.0000	-0.1521	-0.1358	0.0678	1.0000
305	0.9999	-0.0139	0.0014	0.0000	0.0138	0.9992	0.0379	0.0000	-0.0019	-0.0379	0.9993	0.0000	-0.1521	-0.1358	0.0678	1.0000
306	0.9999	-0.0139	0.0018	0.0000	0.0138	0.9992	0.0366	0.0000	-0.0023	-0.0366	0.9993	0.0000	-0.1521	-0.1364	0.0674	1.0000
307	0.9999	-0.0139	0.0018	0.0000	0.0138	0.9992	0.0366	0.0000	-0.0023	-0.0366	0.9993	0.0000	-0.1521	-0.1364	0.0674	1.0000
308	0.9999	-0.0139	0.0024	0.0000	0.0138	0.9993	0.0348	0.0000	-0.0029	-0.0348	0.9994	0.0000	-0.1521	-0.1371	0.0669	1.0000
309	0.9999	-0.0139	0.0024	0.0000	0.0138	0.9993	0.0348	0.0000	-0.0029	-0.0348	0.9994	0.0000	-0.1521	-0.1371	0.0669	1.0000
310	0.9999	-0.0139	0.0034	0.0000	0.0138	0.9994	0.0328	0.0000	-0.0038	-0.0327	0.9995	0.0000	-0.1520	-0.1380	0.0658	1.0000
311	0.9999	-0.0139	0.0034	0.0000	0.0138	0.9994	0.0328	0.0000	-0.0038	-0.0327	0.9995	0.0000	-0.1520	-0.1380	0.0658	1.0000
312	0.9999	-0.0143	0.0044	0.0000	0.0141	0.9994	0.0302	0.0000	-0.0048	-0.0302	0.9995	0.0000	-0.1520	-0.1389	0.0652	1.0000
313	0.9999	-0.0143	0.0044	0.0000	0.0141	0.9994	0.0302	0.0000	-0.0048	-0.0302	0.9995	0.0000	-0.1520	-0.1389	0.0652	1.0000
314	0.9999	-0.0147	0.0056	0.0000	0.0145	0.9995	0.0277	0.0000	-0.0060	-0.0276	0.9996	0.0000	-0.1519	-0.1397	0.0646	1.0000
315	0.9999	-0.0146	0.0056	0.0000	0.0144	0.9995	0.0276	0.0000	-0.0060	-0.0275	0.9996	0.0000	-0.1519	-0.1398	0.0643	1.0000
316	0.9999	-0.0146	0.0056	0.0000	0.0144	0.9995	0.0276	0.0000	-0.0060	-0.0275	0.9996	0.0000	-0.1519	-0.1398	0.0643	1.0000
317	0.9999	-0.0152	0.0067	0.0000	0.0151	0.9996	0.0254	0.0000	-0.0071	-0.0253	0.9997	0.0000	-0.1519	-0.1407	0.0637	1.0000
318	0.9998	-0.0155	0.0082	0.0000	0.0153	0.9996	0.0234	0.0000	-0.0086	-0.0233	0.9997	0.0000	-0.1518	-0.1416	0.0631	1.0000
319	0.9998	-0.0155	0.0082	0.0000	0.0153	0.9996	0.0234	0.0000	-0.0086	-0.0233	0.9997	0.0000	-0.1518	-0.1416	0.0631	1.0000
320	0.9998	-0.0155	0.0082	0.0000	0.0153	0.9996	0.0234	0.0000	-0.0086	-0.0233	0.9997	0.0000	-0.1518	-0.1416	0.0631	1.0000
321	0.9998	-0.0151	0.0100	0.0000	0.0149	0.9997	0.0210	0.0000	-0.0103	-0.0208	0.9997	0.0000	-0.1518	-0.1423	0.0625	1.0000
322	0.9998	-0.0144	0.0116	0.0000	0.0142	0.9997	0.0194	0.0000	-0.0119	-0.0193	0.9997	0.0000	-0.1510	-0.1427	0.0625	1.0000
323	0.9998	-0.0144	0.0116	0.0000	0.0142	0.9997	0.0194	0.0000	-0.0119	-0.0193	0.9997	0.0000	-0.1510	-0.1427	0.0625	1.0000
324	0.9998	-0.0141	0.0131	0.0000	0.0139	0.9997	0.0182	0.0000	-0.0133	-0.0181	0.9997	0.0000	-0.1508	-0.1433	0.0619	1.0000
325	0.9998	-0.0141	0.0131	0.0000	0.0139	0.9997	0.0182	0.0000	-0.0133	-0.0181	0.9997	0.0000	-0.1508	-0.1433	0.0619	1.0000
326	0.9998	-0.0141	0.0145	0.0000	0.0138	0.9998	0.0170	0.0000	-0.0147	-0.0168	0.9998	0.0000	-0.1506	-0.1437	0.0614	1.0000
327	0.9998	-0.0141	0.0145	0.0000	0.0138	0.9998	0.0170	0.0000	-0.0147	-0.0168	0.9998	0.0000	-0.1506	-0.1437	0.0614	1.0000
328	0.9998	-0.0145	0.0156	0.0000	0.0142	0.9998	0.0156	0.0000	-0.0158	-0.0153	0.9998	0.0000	-0.1501	-0.1436	0.0620	1.0000
329	0.9998	-0.0145	0.0156	0.0000	0.0142	0.9998	0.0156	0.0000	-0.0158	-0.0153	0.9998	0.0000	-0.1501	-0.1436	0.0620	1.0000
330	0.9997	-0.0149	0.0170	0.0000	0.0146	0.9998	0.0147	0.0000	-0.0172	-0.0144	0.9997	0.0000	-0.1496	-0.1439	0.0616	1.0000
