0	0.9984	-0.0463	-0.0335	0.0000	0.0473	0.9984	0.0296	0.0000	0.0321	-0.0311	0.9990	0.0000	-0.3039	0.3001	0.3028	1.0000
1	0.9984	-0.0463	-0.0335	0.0000	0.0473	0.9984	0.0296	0.0000	0.0321	-0.0311	0.9990	0.0000	-0.3039	0.3001	0.3028	1.0000
2	0.9986	-0.0414	-0.0331	0.0000	0.0428	0.9982	0.0424	0.0000	0.0313	-0.0437	0.9986	0.0000	-0.3035	0.3011	0.3048	1.0000
3	0.9989	-0.0361	-0.0284	0.0000	0.0369	0.9989	0.0288	0.0000	0.0273	-0.0298	0.9992	0.0000	-0.3040	0.3012	0.3033	1.0000
4	0.9989	-0.0361	-0.0284	0.0000	0.0369	0.9989	0.0288	0.0000	0.0273	-0.0298	0.9992	0.0000	-0.3040	0.3012	0.3033	1.0000
5	0.9989	-0.0361	-0.0284	0.0000	0.0369	0.9989	0.0288	0.0000	0.0273	-0.0298	0.9992	0.0000	-0.3040	0.3012	0.3033	1.0000
6	0.9996	-0.0237	-0.0130	0.0000	0.0239	0.9996	0.0139	0.0000	0.0127	-0.0142	0.9998	0.0000	-0.3032	0.3010	0.2985	1.0000
7	0.9998	-0.0183	-0.0115	0.0000	0.0187	0.9992	0.0348	0.0000	0.0109	-0.0350	0.9993	0.0000	-0.3042	0.3019	0.2985	1.0000
8	0.9998	-0.0183	-0.0115	0.0000	0.0187	0.9992	0.0348	0.0000	0.0109	-0.0350	0.9993	0.0000	-0.3042	0.3019	0.2985	1.0000
9	0.9991	-0.0281	-0.0317	0.0000	0.0297	0.9982	0.0512	0.0000	0.0302	-0.0521	0.9982	0.0000	-0.3050	0.3009	0.2983	1.0000
10	0.9991	-0.0281	-0.0317	0.0000	0.0297	0.9982	0.0512	0.0000	0.0302	-0.0521	0.9982	0.0000	-0.3050	0.3009	0.2983	1.0000
11	0.9972	-0.0466	-0.0587	0.0000	0.0501	0.9970	0.0586	0.0000	0.0558	-0.0614	0.9966	0.0000	-0.3051	0.2993	0.2972	1.0000
12	0.9972	-0.0466	-0.0587	0.0000	0.0501	0.9970	0.0586	0.0000	0.0558	-0.0614	0.9966	0.0000	-0.3051	0.2993	0.2972	1.0000
13	0.9950	-0.0648	-0.0766	0.0000	0.0693	0.9959	0.0586	0.0000	0.0725	-0.0636	0.9953	0.0000	-0.3048	0.2972	0.2967	1.0000
14	0.9950	-0.0648	-0.0766	0.0000	0.0693	0.9959	0.0586	0.0000	0.0725	-0.0636	0.9953	0.0000	-0.3048	0.2972	0.2967	1.0000
15	0.9944	-0.0752	-0.0748	0.0000	0.0795	0.9953	0.0560	0.0000	0.0703	-0.0616	0.9956	0.0000	-0.3039	0.2960	0.2971	1.0000
16	0.9943	-0.0754	-0.0749	0.0000	0.0797	0.9953	0.0558	0.0000	0.0704	-0.0614	0.9956	0.0000	-0.3036	0.2959	0.2965	1.0000
17	0.9957	-0.0753	-0.0539	0.0000	0.0780	0.9957	0.0503	0.0000	0.0499	-0.0543	0.9973	0.0000	-0.3022	0.2960	0.2979	1.0000
18	0.9957	-0.0753	-0.0539	0.0000	0.0780	0.9957	0.0503	0.0000	0.0499	-0.0543	0.9973	0.0000	-0.3022	0.2960	0.2979	1.0000
19	0.9974	-0.0678	-0.0224	0.0000	0.0687	0.9967	0.0425	0.0000	0.0194	-0.0439	0.9988	0.0000	-0.3002	0.2972	0.2998	1.0000
20	0.9974	-0.0678	-0.0224	0.0000	0.0687	0.9967	0.0425	0.0000	0.0194	-0.0439	0.9988	0.0000	-0.3002	0.2972	0.2998	1.0000
21	0.9982	-0.0591	0.0110	0.0000	0.0587	0.9977	0.0342	0.0000	-0.0130	-0.0335	0.9994	0.0000	-0.2976	0.2988	0.3024	1.0000
22	0.9982	-0.0591	0.0110	0.0000	0.0587	0.9977	0.0342	0.0000	-0.0130	-0.0335	0.9994	0.0000	-0.2976	0.2988	0.3024	1.0000
23	0.9978	-0.0524	0.0395	0.0000	0.0513	0.9983	0.0285	0.0000	-0.0409	-0.0264	0.9988	0.0000	-0.2932	0.3005	0.3034	1.0000
24	0.9978	-0.0524	0.0395	0.0000	0.0513	0.9983	0.0285	0.0000	-0.0409	-0.0264	0.9988	0.0000	-0.2932	0.3005	0.3034	1.0000
25	0.9970	-0.0478	0.0608	0.0000	0.0463	0.9986	0.0259	0.0000	-0.0620	-0.0230	0.9978	0.0000	-0.2896	0.3021	0.3067	1.0000
26	0.9970	-0.0478	0.0608	0.0000	0.0463	0.9986	0.0259	0.0000	-0.0620	-0.0230	0.9978	0.0000	-0.2896	0.3021	0.3067	1.0000
27	0.9959	-0.0446	0.0782	0.0000	0.0427	0.9987	0.0263	0.0000	-0.0792	-0.0228	0.9966	0.0000	-0.2856	0.3035	0.3105	1.0000
28	0.9959	-0.0446	0.0782	0.0000	0.0427	0.9987	0.0263	0.0000	-0.0792	-0.0228	0.9966	0.0000	-0.2856	0.3035	0.3105	1.0000
29	0.9947	-0.0413	0.0945	0.0000	0.0391	0.9989	0.0255	0.0000	-0.0955	-0.0217	0.9952	0.0000	-0.2814	0.3045	0.3132	1.0000
30	0.9947	-0.0413	0.0945	0.0000	0.0391	0.9989	0.0255	0.0000	-0.0955	-0.0217	0.9952	0.0000	-0.2814	0.3045	0.3132	1.0000
31	0.9931	-0.0378	0.1112	0.0000	0.0352	0.9991	0.0252	0.0000	-0.1121	-0.0211	0.9935	0.0000	-0.2768	0.3052	0.3171	1.0000
32	0.9931	-0.0378	0.1112	0.0000	0.0352	0.9991	0.0252	0.0000	-0.1121	-0.0211	0.9935	0.0000	-0.2768	0.3052	0.3171	1.0000
33	0.9911	-0.0353	0.1281	0.0000	0.0326	0.9992	0.0235	0.0000	-0.1289	-0.0192	0.9915	0.0000	-0.2719	0.3053	0.3208	1.0000
34	0.9911	-0.0353	0.1281	0.0000	0.0326	0.9992	0.0235	0.0000	-0.1289	-0.0192	0.9915	0.0000	-0.2719	0.3053	0.3208	1.0000
35	0.9890	-0.0347	0.1438	0.0000	0.0323	0.9993	0.0189	0.0000	-0.1444	-0.0141	0.9894	0.0000	-0.2670	0.3056	0.3226	1.0000
36	0.9890	-0.0347	0.1438	0.0000	0.0323	0.9993	0.0189	0.0000	-0.1444	-0.0141	0.9894	0.0000	-0.2670	0.3056	0.3226	1.0000
37	0.9868	-0.0349	0.1581	0.0000	0.0333	0.9994	0.0130	0.0000	-0.1585	-0.0076	0.9873	0.0000	-0.2618	0.3046	0.3254	1.0000
38	0.9868	-0.0349	0.1581	0.0000	0.0333	0.9994	0.0130	0.0000	-0.1585	-0.0076	0.9873	0.0000	-0.2618	0.3046	0.3254	1.0000
39	0.9844	-0.0356	0.1721	0.0000	0.0349	0.9994	0.0071	0.0000	-0.1722	-0.0009	0.9851	0.0000	-0.2564	0.3031	0.3281	1.0000
40	0.9844	-0.0356	0.1721	0.0000	0.0349	0.9994	0.0071	0.0000	-0.1722	-0.0009	0.9851	0.0000	-0.2564	0.3031	0.3281	1.0000
41	0.9817	-0.0364	0.1872	0.0000	0.0372	0.9993	-0.0008	0.0000	-0.1870	0.0078	0.9823	0.0000	-0.2517	0.3024	0.3299	1.0000
42	0.9817	-0.0364	0.1872	0.0000	0.0372	0.9993	-0.0008	0.0000	-0.1870	0.0078	0.9823	0.0000	-0.2517	0.3024	0.3299	1.0000
43	0.9785	-0.0375	0.2030	0.0000	0.0404	0.9991	-0.0101	0.0000	-0.2025	0.0181	0.9791	0.0000	-0.2461	0.3002	0.3325	1.0000
44	0.9785	-0.0375	0.2030	0.0000	0.0404	0.9991	-0.0101	0.0000	-0.2025	0.0181	0.9791	0.0000	-0.2461	0.3002	0.3325	1.0000
45	0.9751	-0.0386	0.2186	0.0000	0.0440	0.9988	-0.0196	0.0000	-0.2176	0.0287	0.9756	0.0000	-0.2404	0.2976	0.3351	1.0000
46	0.9751	-0.0386	0.2186	0.0000	0.0440	0.9988	-0.0196	0.0000	-0.2176	0.0287	0.9756	0.0000	-0.2404	0.2976	0.3351	1.0000
47	0.9712	-0.0391	0.2352	0.0000	0.0473	0.9985	-0.0292	0.0000	-0.2337	0.0394	0.9715	0.0000	-0.2349	0.2952	0.3373	1.0000
48	0.9666	-0.0392	0.2532	0.0000	0.0506	0.9980	-0.0388	0.0000	-0.2512	0.0503	0.9666	0.0000	-0.2290	0.2924	0.3403	1.0000
49	0.9666	-0.0392	0.2532	0.0000	0.0506	0.9980	-0.0388	0.0000	-0.2512	0.0503	0.9666	0.0000	-0.2290	0.2924	0.3403	1.0000
50	0.9666	-0.0392	0.2532	0.0000	0.0506	0.9980	-0.0388	0.0000	-0.2512	0.0503	0.9666	0.0000	-0.2290	0.2924	0.3403	1.0000
51	0.9614	-0.0398	0.2722	0.0000	0.0556	0.9972	-0.0503	0.0000	-0.2695	0.0634	0.9609	0.0000	-0.2228	0.2892	0.3434	1.0000
52	0.9614	-0.0398	0.2722	0.0000	0.0556	0.9972	-0.0503	0.0000	-0.2695	0.0634	0.9609	0.0000	-0.2228	0.2892	0.3434	1.0000
53	0.9556	-0.0410	0.2918	0.0000	0.0615	0.9962	-0.0612	0.0000	-0.2882	0.0764	0.9545	0.0000	-0.2164	0.2858	0.3468	1.0000
54	0.9489	-0.0419	0.3127	0.0000	0.0674	0.9952	-0.0712	0.0000	-0.3083	0.0886	0.9472	0.0000	-0.2102	0.2819	0.3506	1.0000
55	0.9489	-0.0419	0.3127	0.0000	0.0674	0.9952	-0.0712	0.0000	-0.3083	0.0886	0.9472	0.0000	-0.2102	0.2819	0.3506	1.0000
56	0.9489	-0.0419	0.3127	0.0000	0.0674	0.9952	-0.0712	0.0000	-0.3083	0.0886	0.9472	0.0000	-0.2102	0.2819	0.3506	1.0000
57	0.9411	-0.0418	0.3356	0.0000	0.0738	0.9938	-0.0834	0.0000	-0.3300	0.1033	0.9383	0.0000	-0.2032	0.2777	0.3547	1.0000
58	0.9411	-0.0418	0.3356	0.0000	0.0738	0.9938	-0.0834	0.0000	-0.3300	0.1033	0.9383	0.0000	-0.2032	0.2777	0.3547	1.0000
59	0.9323	-0.0416	0.3593	0.0000	0.0822	0.9918	-0.0984	0.0000	-0.3522	0.1213	0.9280	0.0000	-0.1958	0.2731	0.3589	1.0000
60	0.9322	-0.0412	0.3595	0.0000	0.0818	0.9918	-0.0986	0.0000	-0.3525	0.1214	0.9279	0.0000	-0.1969	0.2738	0.3601	1.0000
61	0.9228	-0.0419	0.3830	0.0000	0.0920	0.9893	-0.1135	0.0000	-0.3742	0.1399	0.9167	0.0000	-0.1892	0.2688	0.3646	1.0000
62	0.9130	-0.0447	0.4055	0.0000	0.1046	0.9864	-0.1267	0.0000	-0.3943	0.1581	0.9053	0.0000	-0.1814	0.2633	0.3694	1.0000
63	0.9130	-0.0447	0.4055	0.0000	0.1046	0.9864	-0.1267	0.0000	-0.3943	0.1581	0.9053	0.0000	-0.1814	0.2633	0.3694	1.0000
64	0.9130	-0.0447	0.4055	0.0000	0.1046	0.9864	-0.1267	0.0000	-0.3943	0.1581	0.9053	0.0000	-0.1814	0.2633	0.3694	1.0000
65	0.9030	-0.0490	0.4268	0.0000	0.1189	0.9832	-0.1388	0.0000	-0.4128	0.1761	0.8936	0.0000	-0.1744	0.2573	0.3750	1.0000
66	0.8925	-0.0525	0.4480	0.0000	0.1329	0.9797	-0.1500	0.0000	-0.4310	0.1934	0.8814	0.0000	-0.1663	0.2512	0.3801	1.0000
67	0.8925	-0.0525	0.4480	0.0000	0.1329	0.9797	-0.1500	0.0000	-0.4310	0.1934	0.8814	0.0000	-0.1663	0.2512	0.3801	1.0000
68	0.8815	-0.0548	0.4690	0.0000	0.1458	0.9763	-0.1599	0.0000	-0.4491	0.2093	0.8686	0.0000	-0.1581	0.2452	0.3855	1.0000
69	0.8815	-0.0548	0.4690	0.0000	0.1458	0.9763	-0.1599	0.0000	-0.4491	0.2093	0.8686	0.0000	-0.1581	0.2452	0.3855	1.0000
70	0.8699	-0.0583	0.4898	0.0000	0.1593	0.9730	-0.1672	0.0000	-0.4668	0.2235	0.8557	0.0000	-0.1498	0.2390	0.3911	1.0000
71	0.8699	-0.0583	0.4898	0.0000	0.1593	0.9730	-0.1672	0.0000	-0.4668	0.2235	0.8557	0.0000	-0.1498	0.2390	0.3911	1.0000
72	0.8574	-0.0632	0.5107	0.0000	0.1756	0.9688	-0.1750	0.0000	-0.4837	0.2397	0.8418	0.0000	-0.1424	0.2334	0.3980	1.0000
73	0.8574	-0.0632	0.5107	0.0000	0.1756	0.9688	-0.1750	0.0000	-0.4837	0.2397	0.8418	0.0000	-0.1424	0.2334	0.3980	1.0000
74	0.8444	-0.0684	0.5313	0.0000	0.1913	0.9649	-0.1797	0.0000	-0.5004	0.2534	0.8279	0.0000	-0.1344	0.2276	0.4039	1.0000
75	0.8444	-0.0684	0.5313	0.0000	0.1913	0.9649	-0.1797	0.0000	-0.5004	0.2534	0.8279	0.0000	-0.1344	0.2276	0.4039	1.0000
76	0.8307	-0.0740	0.5518	0.0000	0.2055	0.9619	-0.1804	0.0000	-0.5175	0.2633	0.8142	0.0000	-0.1266	0.2225	0.4101	1.0000
77	0.8307	-0.0740	0.5518	0.0000	0.2055	0.9619	-0.1804	0.0000	-0.5175	0.2633	0.8142	0.0000	-0.1266	0.2225	0.4101	1.0000
78	0.8162	-0.0794	0.5724	0.0000	0.2189	0.9592	-0.1791	0.0000	-0.5347	0.2715	0.8002	0.0000	-0.1199	0.2191	0.4185	1.0000
79	0.8162	-0.0794	0.5724	0.0000	0.2189	0.9592	-0.1791	0.0000	-0.5347	0.2715	0.8002	0.0000	-0.1199	0.2191	0.4185	1.0000
80	0.8018	-0.0853	0.5914	0.0000	0.2315	0.9568	-0.1758	0.0000	-0.5509	0.2779	0.7870	0.0000	-0.1129	0.2156	0.4249	1.0000
81	0.8018	-0.0853	0.5914	0.0000	0.2315	0.9568	-0.1758	0.0000	-0.5509	0.2779	0.7870	0.0000	-0.1129	0.2156	0.4249	1.0000
82	0.7885	-0.0893	0.6085	0.0000	0.2397	0.9558	-0.1703	0.0000	-0.5663	0.2802	0.7751	0.0000	-0.1067	0.2131	0.4312	1.0000
83	0.7885	-0.0893	0.6085	0.0000	0.2397	0.9558	-0.1703	0.0000	-0.5663	0.2802	0.7751	0.0000	-0.1067	0.2131	0.4312	1.0000
84	0.7764	-0.0899	0.6238	0.0000	0.2422	0.9563	-0.1637	0.0000	-0.5819	0.2782	0.7642	0.0000	-0.1026	0.2126	0.4384	1.0000
85	0.7764	-0.0899	0.6238	0.0000	0.2422	0.9563	-0.1637	0.0000	-0.5819	0.2782	0.7642	0.0000	-0.1026	0.2126	0.4384	1.0000
86	0.7655	-0.0880	0.6374	0.0000	0.2422	0.9571	-0.1588	0.0000	-0.5961	0.2759	0.7540	0.0000	-0.0979	0.2121	0.4436	1.0000
87	0.7655	-0.0880	0.6374	0.0000	0.2422	0.9571	-0.1588	0.0000	-0.5961	0.2759	0.7540	0.0000	-0.0979	0.2121	0.4436	1.0000
88	0.7562	-0.0852	0.6488	0.0000	0.2417	0.9577	-0.1560	0.0000	-0.6080	0.2748	0.7448	0.0000	-0.0937	0.2121	0.4476	1.0000
89	0.7562	-0.0852	0.6488	0.0000	0.2417	0.9577	-0.1560	0.0000	-0.6080	0.2748	0.7448	0.0000	-0.0937	0.2121	0.4476	1.0000
90	0.7494	-0.0815	0.6571	0.0000	0.2395	0.9586	-0.1542	0.0000	-0.6173	0.2729	0.7379	0.0000	-0.0915	0.2137	0.4497	1.0000
91	0.7494	-0.0815	0.6571	0.0000	0.2395	0.9586	-0.1542	0.0000	-0.6173	0.2729	0.7379	0.0000	-0.0915	0.2137	0.4497	1.0000
92	0.7460	-0.0776	0.6615	0.0000	0.2356	0.9597	-0.1531	0.0000	-0.6229	0.2700	0.7342	0.0000	-0.0890	0.2146	0.4510	1.0000
93	0.7460	-0.0776	0.6615	0.0000	0.2356	0.9597	-0.1531	0.0000	-0.6229	0.2700	0.7342	0.0000	-0.0890	0.2146	0.4510	1.0000
94	0.7461	-0.0744	0.6617	0.0000	0.2318	0.9606	-0.1533	0.0000	-0.6242	0.2678	0.7339	0.0000	-0.0872	0.2154	0.4509	1.0000
95	0.7461	-0.0744	0.6617	0.0000	0.2318	0.9606	-0.1533	0.0000	-0.6242	0.2678	0.7339	0.0000	-0.0872	0.2154	0.4509	1.0000
96	0.7496	-0.0709	0.6580	0.0000	0.2271	0.9614	-0.1551	0.0000	-0.6217	0.2658	0.7368	0.0000	-0.0899	0.2163	0.4511	1.0000
97	0.7496	-0.0709	0.6580	0.0000	0.2271	0.9614	-0.1551	0.0000	-0.6217	0.2658	0.7368	0.0000	-0.0899	0.2163	0.4511	1.0000
98	0.7569	-0.0694	0.6498	0.0000	0.2230	0.9621	-0.1570	0.0000	-0.6143	0.2638	0.7437	0.0000	-0.0903	0.2165	0.4478	1.0000
99	0.7569	-0.0694	0.6498	0.0000	0.2230	0.9621	-0.1570	0.0000	-0.6143	0.2638	0.7437	0.0000	-0.0903	0.2165	0.4478	1.0000
100	0.7673	-0.0685	0.6376	0.0000	0.2197	0.9622	-0.1610	0.0000	-0.6025	0.2636	0.7533	0.0000	-0.0918	0.2162	0.4424	1.0000
101	0.7798	-0.0674	0.6224	0.0000	0.2172	0.9616	-0.1680	0.0000	-0.5872	0.2662	0.7644	0.0000	-0.0945	0.2157	0.4352	1.0000
102	0.7798	-0.0662	0.6225	0.0000	0.2162	0.9617	-0.1686	0.0000	-0.5875	0.2660	0.7642	0.0000	-0.0992	0.2156	0.4393	1.0000
103	0.7798	-0.0662	0.6225	0.0000	0.2162	0.9617	-0.1686	0.0000	-0.5875	0.2660	0.7642	0.0000	-0.0992	0.2156	0.4393	1.0000
104	0.7945	-0.0657	0.6037	0.0000	0.2136	0.9609	-0.1765	0.0000	-0.5685	0.2692	0.7774	0.0000	-0.1038	0.2147	0.4311	1.0000
105	0.7945	-0.0657	0.6037	0.0000	0.2136	0.9609	-0.1765	0.0000	-0.5685	0.2692	0.7774	0.0000	-0.1038	0.2147	0.4311	1.0000
106	0.8112	-0.0668	0.5810	0.0000	0.2092	0.9608	-0.1816	0.0000	-0.5461	0.2689	0.7934	0.0000	-0.1096	0.2140	0.4216	1.0000
107	0.8112	-0.0668	0.5810	0.0000	0.2092	0.9608	-0.1816	0.0000	-0.5461	0.2689	0.7934	0.0000	-0.1096	0.2140	0.4216	1.0000
108	0.8291	-0.0678	0.5550	0.0000	0.2031	0.9613	-0.1860	0.0000	-0.5209	0.2670	0.8108	0.0000	-0.1209	0.2140	0.4169	1.0000
109	0.8291	-0.0678	0.5550	0.0000	0.2031	0.9613	-0.1860	0.0000	-0.5209	0.2670	0.8108	0.0000	-0.1209	0.2140	0.4169	1.0000
110	0.8474	-0.0694	0.5265	0.0000	0.1972	0.9616	-0.1907	0.0000	-0.4930	0.2654	0.8285	0.0000	-0.1298	0.2135	0.4060	1.0000
111	0.8651	-0.0698	0.4967	0.0000	0.1904	0.9619	-0.1964	0.0000	-0.4640	0.2645	0.8454	0.0000	-0.1398	0.2132	0.3946	1.0000
112	0.8651	-0.0698	0.4967	0.0000	0.1904	0.9619	-0.1964	0.0000	-0.4640	0.2645	0.8454	0.0000	-0.1398	0.2132	0.3946	1.0000
113	0.8651	-0.0698	0.4967	0.0000	0.1904	0.9619	-0.1964	0.0000	-0.4640	0.2645	0.8454	0.0000	-0.1398	0.2132	0.3946	1.0000
114	0.8822	-0.0688	0.4659	0.0000	0.1818	0.9623	-0.2022	0.0000	-0.4344	0.2630	0.8615	0.0000	-0.1534	0.2125	0.3826	1.0000
115	0.8983	-0.0675	0.4341	0.0000	0.1730	0.9626	-0.2084	0.0000	-0.4038	0.2623	0.8764	0.0000	-0.1653	0.2123	0.3710	1.0000
116	0.8983	-0.0675	0.4341	0.0000	0.1730	0.9626	-0.2084	0.0000	-0.4038	0.2623	0.8764	0.0000	-0.1653	0.2123	0.3710	1.0000
117	0.9132	-0.0655	0.4023	0.0000	0.1640	0.9626	-0.2156	0.0000	-0.3731	0.2629	0.8898	0.0000	-0.1778	0.2121	0.3597	1.0000
118	0.9132	-0.0655	0.4023	0.0000	0.1640	0.9626	-0.2156	0.0000	-0.3731	0.2629	0.8898	0.0000	-0.1778	0.2121	0.3597	1.0000
119	0.9273	-0.0641	0.3689	0.0000	0.1551	0.9625	-0.2227	0.0000	-0.3408	0.2637	0.9024	0.0000	-0.1924	0.2116	0.3506	1.0000
120	0.9273	-0.0641	0.3689	0.0000	0.1551	0.9625	-0.2227	0.0000	-0.3408	0.2637	0.9024	0.0000	-0.1924	0.2116	0.3506	1.0000
121	0.9273	-0.0641	0.3689	0.0000	0.1551	0.9625	-0.2227	0.0000	-0.3408	0.2637	0.9024	0.0000	-0.1924	0.2116	0.3506	1.0000
122	0.9409	-0.0651	0.3323	0.0000	0.1469	0.9627	-0.2273	0.0000	-0.3051	0.2627	0.9154	0.0000	-0.2058	0.2113	0.3403	1.0000
123	0.9536	-0.0678	0.2934	0.0000	0.1392	0.9632	-0.2298	0.0000	-0.2670	0.2600	0.9280	0.0000	-0.2195	0.2110	0.3305	1.0000
124	0.9536	-0.0678	0.2934	0.0000	0.1392	0.9632	-0.2298	0.0000	-0.2670	0.2600	0.9280	0.0000	-0.2195	0.2110	0.3305	1.0000
125	0.9648	-0.0724	0.2530	0.0000	0.1324	0.9644	-0.2290	0.0000	-0.2274	0.2544	0.9400	0.0000	-0.2329	0.2103	0.3218	1.0000
126	0.9648	-0.0724	0.2530	0.0000	0.1324	0.9644	-0.2290	0.0000	-0.2274	0.2544	0.9400	0.0000	-0.2329	0.2103	0.3218	1.0000
127	0.9741	-0.0788	0.2118	0.0000	0.1276	0.9654	-0.2276	0.0000	-0.1865	0.2487	0.9504	0.0000	-0.2474	0.2098	0.3133	1.0000
128	0.9741	-0.0788	0.2118	0.0000	0.1276	0.9654	-0.2276	0.0000	-0.1865	0.2487	0.9504	0.0000	-0.2474	0.2098	0.3133	1.0000
129	0.9816	-0.0858	0.1708	0.0000	0.1240	0.9658	-0.2276	0.0000	-0.1454	0.2446	0.9587	0.0000	-0.2621	0.2091	0.3052	1.0000
130	0.9816	-0.0858	0.1708	0.0000	0.1240	0.9658	-0.2276	0.0000	-0.1454	0.2446	0.9587	0.0000	-0.2621	0.2091	0.3052	1.0000
131	0.9870	-0.0920	0.1318	0.0000	0.1205	0.9661	-0.2283	0.0000	-0.1063	0.2412	0.9646	0.0000	-0.2751	0.2084	0.2986	1.0000
132	0.9870	-0.0920	0.1318	0.0000	0.1205	0.9661	-0.2283	0.0000	-0.1063	0.2412	0.9646	0.0000	-0.2751	0.2084	0.2986	1.0000
133	0.9907	-0.0972	0.0957	0.0000	0.1169	0.9663	-0.2291	0.0000	-0.0702	0.2382	0.9687	0.0000	-0.2894	0.2079	0.2921	1.0000
134	0.9907	-0.0972	0.0957	0.0000	0.1169	0.9663	-0.2291	0.0000	-0.0702	0.2382	0.9687	0.0000	-0.2894	0.2079	0.2921	1.0000
135	0.9929	-0.1022	0.0612	0.0000	0.1136	0.9668	-0.2288	0.0000	-0.0358	0.2342	0.9715	0.0000	-0.3027	0.2075	0.2864	1.0000
136	0.9929	-0.1022	0.0612	0.0000	0.1136	0.9668	-0.2288	0.0000	-0.0358	0.2342	0.9715	0.0000	-0.3027	0.2075	0.2864	1.0000
137	0.9937	-0.1068	0.0328	0.0000	0.1115	0.9667	-0.2303	0.0000	-0.0071	0.2326	0.9726	0.0000	-0.3126	0.2071	0.2826	1.0000
138	0.9937	-0.1068	0.0328	0.0000	0.1115	0.9667	-0.2303	0.0000	-0.0071	0.2326	0.9726	0.0000	-0.3126	0.2071	0.2826	1.0000
139	0.9937	-0.1117	0.0039	0.0000	0.1095	0.9661	-0.2339	0.0000	0.0223	0.2329	0.9723	0.0000	-0.3237	0.2065	0.2779	1.0000
140	0.9937	-0.1117	0.0039	0.0000	0.1095	0.9661	-0.2339	0.0000	0.0223	0.2329	0.9723	0.0000	-0.3237	0.2065	0.2779	1.0000
141	0.9929	-0.1167	-0.0207	0.0000	0.1085	0.9650	-0.2386	0.0000	0.0479	0.2347	0.9709	0.0000	-0.3335	0.2059	0.2738	1.0000
142	0.9929	-0.1167	-0.0207	0.0000	0.1085	0.9650	-0.2386	0.0000	0.0479	0.2347	0.9709	0.0000	-0.3335	0.2059	0.2738	1.0000
143	0.9917	-0.1221	-0.0406	0.0000	0.1088	0.9643	-0.2414	0.0000	0.0686	0.2349	0.9696	0.0000	-0.3394	0.2065	0.2723	1.0000
144	0.9917	-0.1221	-0.0406	0.0000	0.1088	0.9643	-0.2414	0.0000	0.0686	0.2349	0.9696	0.0000	-0.3394	0.2065	0.2723	1.0000
145	0.9909	-0.1248	-0.0512	0.0000	0.1090	0.9643	-0.2412	0.0000	0.0794	0.2334	0.9691	0.0000	-0.3446	0.2068	0.2703	1.0000
146	0.9909	-0.1248	-0.0512	0.0000	0.1090	0.9643	-0.2412	0.0000	0.0794	0.2334	0.9691	0.0000	-0.3446	0.2068	0.2703	1.0000
147	0.9907	-0.1246	-0.0554	0.0000	0.1079	0.9647	-0.2401	0.0000	0.0834	0.2319	0.9692	0.0000	-0.3487	0.2074	0.2689	1.0000
148	0.9907	-0.1246	-0.0554	0.0000	0.1079	0.9647	-0.2401	0.0000	0.0834	0.2319	0.9692	0.0000	-0.3487	0.2074	0.2689	1.0000
149	0.9911	-0.1220	-0.0530	0.0000	0.1061	0.9654	-0.2381	0.0000	0.0802	0.2303	0.9698	0.0000	-0.3481	0.2084	0.2687	1.0000
150	0.9911	-0.1220	-0.0530	0.0000	0.1061	0.9654	-0.2381	0.0000	0.0802	0.2303	0.9698	0.0000	-0.3481	0.2084	0.2687	1.0000
151	0.9918	-0.1188	-0.0462	0.0000	0.1048	0.9663	-0.2349	0.0000	0.0726	0.2282	0.9709	0.0000	-0.3477	0.2093	0.2686	1.0000
152	0.9925	-0.1168	-0.0368	0.0000	0.1053	0.9672	-0.2310	0.0000	0.0626	0.2254	0.9722	0.0000	-0.3455	0.2102	0.2689	1.0000
153	0.9925	-0.1168	-0.0368	0.0000	0.1053	0.9672	-0.2310	0.0000	0.0626	0.2254	0.9722	0.0000	-0.3455	0.2102	0.2689	1.0000
154	0.9925	-0.1167	-0.0366	0.0000	0.1052	0.9673	-0.2309	0.0000	0.0624	0.2253	0.9723	0.0000	-0.3457	0.2108	0.2684	1.0000
155	0.9929	-0.1164	-0.0235	0.0000	0.1081	0.9681	-0.2262	0.0000	0.0490	0.2221	0.9738	0.0000	-0.3410	0.2120	0.2693	1.0000
156	0.9929	-0.1164	-0.0235	0.0000	0.1081	0.9681	-0.2262	0.0000	0.0490	0.2221	0.9738	0.0000	-0.3410	0.2120	0.2693	1.0000
157	0.9931	-0.1169	-0.0092	0.0000	0.1120	0.9690	-0.2204	0.0000	0.0347	0.2179	0.9754	0.0000	-0.3353	0.2132	0.2708	1.0000
158	0.9931	-0.1166	0.0084	0.0000	0.1157	0.9698	-0.2146	0.0000	0.0169	0.2141	0.9767	0.0000	-0.3283	0.2145	0.2729	1.0000
159	0.9931	-0.1166	0.0084	0.0000	0.1157	0.9698	-0.2146	0.0000	0.0169	0.2141	0.9767	0.0000	-0.3283	0.2145	0.2729	1.0000
160	0.9931	-0.1166	0.0084	0.0000	0.1157	0.9698	-0.2146	0.0000	0.0169	0.2141	0.9767	0.0000	-0.3283	0.2145	0.2729	1.0000
161	0.9929	-0.1155	0.0295	0.0000	0.1191	0.9709	-0.2078	0.0000	-0.0046	0.2099	0.9777	0.0000	-0.3207	0.2169	0.2765	1.0000
162	0.9921	-0.1141	0.0529	0.0000	0.1224	0.9721	-0.2002	0.0000	-0.0286	0.2051	0.9783	0.0000	-0.3119	0.2188	0.2800	1.0000
163	0.9921	-0.1141	0.0529	0.0000	0.1224	0.9721	-0.2002	0.0000	-0.0286	0.2051	0.9783	0.0000	-0.3119	0.2188	0.2800	1.0000
164	0.9905	-0.1128	0.0785	0.0000	0.1260	0.9733	-0.1919	0.0000	-0.0548	0.1999	0.9783	0.0000	-0.3025	0.2209	0.2839	1.0000
165	0.9905	-0.1128	0.0785	0.0000	0.1260	0.9733	-0.1919	0.0000	-0.0548	0.1999	0.9783	0.0000	-0.3025	0.2209	0.2839	1.0000
166	0.9905	-0.1128	0.0785	0.0000	0.1260	0.9733	-0.1919	0.0000	-0.0548	0.1999	0.9783	0.0000	-0.3025	0.2209	0.2839	1.0000
167	0.9882	-0.1117	0.1052	0.0000	0.1296	0.9745	-0.1831	0.0000	-0.0821	0.1945	0.9775	0.0000	-0.2937	0.2240	0.2878	1.0000
168	0.9851	-0.1114	0.1313	0.0000	0.1334	0.9759	-0.1726	0.0000	-0.1089	0.1876	0.9762	0.0000	-0.2840	0.2268	0.2925	1.0000
169	0.9851	-0.1114	0.1313	0.0000	0.1334	0.9759	-0.1726	0.0000	-0.1089	0.1876	0.9762	0.0000	-0.2840	0.2268	0.2925	1.0000
170	0.9851	-0.1114	0.1313	0.0000	0.1334	0.9759	-0.1726	0.0000	-0.1089	0.1876	0.9762	0.0000	-0.2840	0.2268	0.2925	1.0000
171	0.9814	-0.1123	0.1557	0.0000	0.1374	0.9773	-0.1612	0.0000	-0.1341	0.1796	0.9746	0.0000	-0.2743	0.2301	0.2974	1.0000
172	0.9774	-0.1138	0.1783	0.0000	0.1412	0.9786	-0.1493	0.0000	-0.1575	0.1711	0.9726	0.0000	-0.2656	0.2339	0.3019	1.0000
173	0.9774	-0.1138	0.1783	0.0000	0.1412	0.9786	-0.1493	0.0000	-0.1575	0.1711	0.9726	0.0000	-0.2656	0.2339	0.3019	1.0000
174	0.9729	-0.1147	0.2009	0.0000	0.1437	0.9802	-0.1365	0.0000	-0.1813	0.1617	0.9701	0.0000	-0.2563	0.2382	0.3071	1.0000
175	0.9729	-0.1147	0.2009	0.0000	0.1437	0.9802	-0.1365	0.0000	-0.1813	0.1617	0.9701	0.0000	-0.2563	0.2382	0.3071	1.0000
176	0.9676	-0.1143	0.2250	0.0000	0.1445	0.9818	-0.1228	0.0000	-0.2069	0.1514	0.9666	0.0000	-0.2474	0.2430	0.3125	1.0000
177	0.9676	-0.1143	0.2250	0.0000	0.1445	0.9818	-0.1228	0.0000	-0.2069	0.1514	0.9666	0.0000	-0.2474	0.2430	0.3125	1.0000
178	0.9676	-0.1143	0.2250	0.0000	0.1445	0.9818	-0.1228	0.0000	-0.2069	0.1514	0.9666	0.0000	-0.2474	0.2430	0.3125	1.0000
179	0.9617	-0.1133	0.2496	0.0000	0.1443	0.9835	-0.1094	0.0000	-0.2331	0.1412	0.9622	0.0000	-0.2399	0.2482	0.3179	1.0000
180	0.9564	-0.1129	0.2693	0.0000	0.1438	0.9848	-0.0978	0.0000	-0.2542	0.1323	0.9581	0.0000	-0.2327	0.2530	0.3227	1.0000
181	0.9564	-0.1129	0.2693	0.0000	0.1438	0.9848	-0.0978	0.0000	-0.2542	0.1323	0.9581	0.0000	-0.2327	0.2530	0.3227	1.0000
182	0.9503	-0.1128	0.2900	0.0000	0.1429	0.9861	-0.0846	0.0000	-0.2765	0.1218	0.9533	0.0000	-0.2247	0.2588	0.3283	1.0000
183	0.9503	-0.1128	0.2900	0.0000	0.1429	0.9861	-0.0846	0.0000	-0.2765	0.1218	0.9533	0.0000	-0.2247	0.2588	0.3283	1.0000
184	0.9444	-0.1125	0.3091	0.0000	0.1407	0.9876	-0.0703	0.0000	-0.2973	0.1099	0.9484	0.0000	-0.2172	0.2650	0.3341	1.0000
185	0.9444	-0.1124	0.3091	0.0000	0.1406	0.9876	-0.0703	0.0000	-0.2974	0.1099	0.9484	0.0000	-0.2184	0.2648	0.3336	1.0000
186	0.9385	-0.1116	0.3268	0.0000	0.1366	0.9891	-0.0545	0.0000	-0.3171	0.0958	0.9435	0.0000	-0.2115	0.2715	0.3394	1.0000
187	0.9385	-0.1116	0.3268	0.0000	0.1366	0.9891	-0.0545	0.0000	-0.3171	0.0958	0.9435	0.0000	-0.2115	0.2715	0.3394	1.0000
188	0.9327	-0.1105	0.3434	0.0000	0.1317	0.9905	-0.0390	0.0000	-0.3358	0.0816	0.9384	0.0000	-0.2050	0.2784	0.3454	1.0000
189	0.9268	-0.1097	0.3593	0.0000	0.1265	0.9917	-0.0235	0.0000	-0.3537	0.0673	0.9329	0.0000	-0.1991	0.2856	0.3514	1.0000
190	0.9268	-0.1097	0.3593	0.0000	0.1265	0.9917	-0.0235	0.0000	-0.3537	0.0673	0.9329	0.0000	-0.1991	0.2856	0.3514	1.0000
191	0.9268	-0.1094	0.3593	0.0000	0.1263	0.9917	-0.0237	0.0000	-0.3538	0.0673	0.9329	0.0000	-0.1998	0.2849	0.3506	1.0000
192	0.9202	-0.1093	0.3759	0.0000	0.1202	0.9927	-0.0056	0.0000	-0.3726	0.0504	0.9266	0.0000	-0.1939	0.2928	0.3570	1.0000
193	0.9202	-0.1093	0.3759	0.0000	0.1202	0.9927	-0.0056	0.0000	-0.3726	0.0504	0.9266	0.0000	-0.1939	0.2928	0.3570	1.0000
194	0.9140	-0.1089	0.3908	0.0000	0.1148	0.9934	0.0083	0.0000	-0.3891	0.0372	0.9204	0.0000	-0.1893	0.2997	0.3623	1.0000
195	0.9140	-0.1089	0.3908	0.0000	0.1148	0.9934	0.0083	0.0000	-0.3891	0.0372	0.9204	0.0000	-0.1893	0.2997	0.3623	1.0000
196	0.9075	-0.1075	0.4061	0.0000	0.1093	0.9938	0.0190	0.0000	-0.4057	0.0271	0.9136	0.0000	-0.1852	0.3067	0.3669	1.0000
197	0.9075	-0.1074	0.4061	0.0000	0.1092	0.9938	0.0189	0.0000	-0.4057	0.0272	0.9136	0.0000	-0.1852	0.3061	0.3659	1.0000
198	0.9011	-0.1055	0.4206	0.0000	0.1038	0.9942	0.0269	0.0000	-0.4210	0.0195	0.9069	0.0000	-0.1818	0.3130	0.3697	1.0000
199	0.9011	-0.1055	0.4206	0.0000	0.1038	0.9942	0.0269	0.0000	-0.4210	0.0195	0.9069	0.0000	-0.1818	0.3130	0.3697	1.0000
200	0.8949	-0.1034	0.4340	0.0000	0.0975	0.9946	0.0361	0.0000	-0.4354	0.0100	0.9002	0.0000	-0.1788	0.3209	0.3731	1.0000
201	0.8949	-0.1034	0.4340	0.0000	0.0975	0.9946	0.0361	0.0000	-0.4354	0.0100	0.9002	0.0000	-0.1788	0.3209	0.3731	1.0000
202	0.8912	-0.1019	0.4421	0.0000	0.0906	0.9948	0.0467	0.0000	-0.4445	-0.0016	0.8958	0.0000	-0.1772	0.3280	0.3756	1.0000
203	0.8912	-0.1018	0.4421	0.0000	0.0905	0.9948	0.0465	0.0000	-0.4445	-0.0014	0.8958	0.0000	-0.1773	0.3271	0.3741	1.0000
204	0.8898	-0.1013	0.4449	0.0000	0.0840	0.9947	0.0586	0.0000	-0.4485	-0.0148	0.8936	0.0000	-0.1763	0.3340	0.3757	1.0000
205	0.8898	-0.1013	0.4449	0.0000	0.0840	0.9947	0.0586	0.0000	-0.4485	-0.0148	0.8936	0.0000	-0.1763	0.3340	0.3757	1.0000
206	0.8903	-0.1026	0.4436	0.0000	0.0793	0.9943	0.0710	0.0000	-0.4484	-0.0280	0.8934	0.0000	-0.1761	0.3407	0.3768	1.0000
207	0.8903	-0.1026	0.4436	0.0000	0.0793	0.9943	0.0710	0.0000	-0.4484	-0.0280	0.8934	0.0000	-0.1761	0.3407	0.3768	1.0000
208	0.8918	-0.1045	0.4402	0.0000	0.0761	0.9937	0.0818	0.0000	-0.4459	-0.0395	0.8942	0.0000	-0.1765	0.3474	0.3773	1.0000
209	0.8918	-0.1044	0.4401	0.0000	0.0760	0.9938	0.0817	0.0000	-0.4459	-0.0394	0.8942	0.0000	-0.1767	0.3469	0.3763	1.0000
210	0.8939	-0.1061	0.4356	0.0000	0.0731	0.9931	0.0919	0.0000	-0.4423	-0.0503	0.8954	0.0000	-0.1778	0.3537	0.3762	1.0000
211	0.8939	-0.1061	0.4356	0.0000	0.0731	0.9931	0.0919	0.0000	-0.4423	-0.0503	0.8954	0.0000	-0.1778	0.3537	0.3762	1.0000
212	0.8967	-0.1078	0.4294	0.0000	0.0696	0.9922	0.1036	0.0000	-0.4372	-0.0630	0.8972	0.0000	-0.1798	0.3610	0.3758	1.0000
213	0.8967	-0.1078	0.4294	0.0000	0.0696	0.9922	0.1036	0.0000	-0.4372	-0.0630	0.8972	0.0000	-0.1798	0.3610	0.3758	1.0000
214	0.9009	-0.1102	0.4199	0.0000	0.0665	0.9909	0.1172	0.0000	-0.4290	-0.0776	0.9000	0.0000	-0.1825	0.3686	0.3750	1.0000
215	0.9010	-0.1103	0.4197	0.0000	0.0667	0.9909	0.1173	0.0000	-0.4288	-0.0777	0.9001	0.0000	-0.1814	0.3684	0.3736	1.0000
216	0.9060	-0.1139	0.4076	0.0000	0.0657	0.9893	0.1303	0.0000	-0.4181	-0.0913	0.9038	0.0000	-0.1847	0.3760	0.3723	1.0000
217	0.9060	-0.1139	0.4076	0.0000	0.0657	0.9893	0.1303	0.0000	-0.4181	-0.0913	0.9038	0.0000	-0.1847	0.3760	0.3723	1.0000
218	0.9115	-0.1177	0.3942	0.0000	0.0658	0.9876	0.1427	0.0000	-0.4061	-0.1041	0.9079	0.0000	-0.1885	0.3836	0.3706	1.0000
219	0.9169	-0.1213	0.3802	0.0000	0.0665	0.9858	0.1541	0.0000	-0.3935	-0.1161	0.9120	0.0000	-0.1928	0.3908	0.3686	1.0000
220	0.9169	-0.1213	0.3802	0.0000	0.0665	0.9858	0.1541	0.0000	-0.3935	-0.1161	0.9120	0.0000	-0.1928	0.3908	0.3686	1.0000
221	0.9170	-0.1214	0.3799	0.0000	0.0666	0.9858	0.1542	0.0000	-0.3932	-0.1161	0.9121	0.0000	-0.1919	0.3903	0.3668	1.0000
222	0.9221	-0.1241	0.3665	0.0000	0.0679	0.9844	0.1623	0.0000	-0.3810	-0.1247	0.9161	0.0000	-0.1965	0.3971	0.3641	1.0000
223	0.9261	-0.1257	0.3558	0.0000	0.0699	0.9837	0.1654	0.0000	-0.3708	-0.1283	0.9198	0.0000	-0.2017	0.4033	0.3609	1.0000
224	0.9261	-0.1257	0.3558	0.0000	0.0699	0.9837	0.1654	0.0000	-0.3708	-0.1283	0.9198	0.0000	-0.2017	0.4033	0.3609	1.0000
225	0.9288	-0.1256	0.3486	0.0000	0.0704	0.9835	0.1666	0.0000	-0.3637	-0.1302	0.9224	0.0000	-0.2077	0.4090	0.3576	1.0000
226	0.9289	-0.1258	0.3483	0.0000	0.0707	0.9835	0.1667	0.0000	-0.3636	-0.1302	0.9224	0.0000	-0.2061	0.4079	0.3554	1.0000
227	0.9311	-0.1243	0.3430	0.0000	0.0696	0.9834	0.1675	0.0000	-0.3581	-0.1321	0.9243	0.0000	-0.2127	0.4129	0.3520	1.0000
228	0.9311	-0.1243	0.3430	0.0000	0.0696	0.9834	0.1675	0.0000	-0.3581	-0.1321	0.9243	0.0000	-0.2127	0.4129	0.3520	1.0000
229	0.9335	-0.1214	0.3373	0.0000	0.0673	0.9835	0.1678	0.0000	-0.3521	-0.1340	0.9263	0.0000	-0.2198	0.4175	0.3484	1.0000
230	0.9335	-0.1214	0.3373	0.0000	0.0673	0.9835	0.1678	0.0000	-0.3521	-0.1340	0.9263	0.0000	-0.2198	0.4175	0.3484	1.0000
231	0.9369	-0.1175	0.3293	0.0000	0.0646	0.9838	0.1675	0.0000	-0.3436	-0.1356	0.9293	0.0000	-0.2274	0.4215	0.3446	1.0000
232	0.9369	-0.1175	0.3293	0.0000	0.0646	0.9838	0.1675	0.0000	-0.3436	-0.1356	0.9293	0.0000	-0.2274	0.4215	0.3446	1.0000
233	0.9369	-0.1178	0.3291	0.0000	0.0649	0.9837	0.1675	0.0000	-0.3434	-0.1356	0.9293	0.0000	-0.2256	0.4208	0.3417	1.0000
234	0.9412	-0.1124	0.3185	0.0000	0.0614	0.9843	0.1657	0.0000	-0.3322	-0.1364	0.9333	0.0000	-0.2333	0.4243	0.3373	1.0000
235	0.9466	-0.1060	0.3046	0.0000	0.0574	0.9847	0.1645	0.0000	-0.3173	-0.1383	0.9382	0.0000	-0.2414	0.4273	0.3325	1.0000
236	0.9466	-0.1060	0.3046	0.0000	0.0574	0.9847	0.1645	0.0000	-0.3173	-0.1383	0.9382	0.0000	-0.2414	0.4273	0.3325	1.0000
237	0.9526	-0.1002	0.2872	0.0000	0.0542	0.9850	0.1638	0.0000	-0.2993	-0.1405	0.9438	0.0000	-0.2497	0.4297	0.3275	1.0000
238	0.9526	-0.1002	0.2872	0.0000	0.0542	0.9850	0.1638	0.0000	-0.2993	-0.1405	0.9438	0.0000	-0.2497	0.4297	0.3275	1.0000
239	0.9587	-0.0949	0.2682	0.0000	0.0521	0.9853	0.1624	0.0000	-0.2797	-0.1417	0.9496	0.0000	-0.2563	0.4313	0.3210	1.0000
240	0.9587	-0.0949	0.2682	0.0000	0.0521	0.9853	0.1624	0.0000	-0.2797	-0.1417	0.9496	0.0000	-0.2563	0.4313	0.3210	1.0000
241	0.9643	-0.0893	0.2494	0.0000	0.0493	0.9856	0.1620	0.0000	-0.2602	-0.1439	0.9548	0.0000	-0.2651	0.4330	0.3159	1.0000
242	0.9643	-0.0893	0.2494	0.0000	0.0493	0.9856	0.1620	0.0000	-0.2602	-0.1439	0.9548	0.0000	-0.2651	0.4330	0.3159	1.0000
243	0.9694	-0.0841	0.2305	0.0000	0.0473	0.9859	0.1605	0.0000	-0.2408	-0.1447	0.9597	0.0000	-0.2739	0.4341	0.3109	1.0000
244	0.9694	-0.0841	0.2305	0.0000	0.0473	0.9859	0.1605	0.0000	-0.2408	-0.1447	0.9597	0.0000	-0.2739	0.4341	0.3109	1.0000
245	0.9739	-0.0790	0.2126	0.0000	0.0460	0.9866	0.1563	0.0000	-0.2221	-0.1424	0.9646	0.0000	-0.2819	0.4340	0.3053	1.0000
246	0.9739	-0.0790	0.2126	0.0000	0.0460	0.9866	0.1563	0.0000	-0.2221	-0.1424	0.9646	0.0000	-0.2819	0.4340	0.3053	1.0000
247	0.9778	-0.0742	0.1961	0.0000	0.0444	0.9874	0.1520	0.0000	-0.2050	-0.1399	0.9687	0.0000	-0.2903	0.4338	0.3007	1.0000
248	0.9778	-0.0742	0.1961	0.0000	0.0444	0.9874	0.1520	0.0000	-0.2050	-0.1399	0.9687	0.0000	-0.2903	0.4338	0.3007	1.0000
249	0.9810	-0.0696	0.1811	0.0000	0.0430	0.9882	0.1469	0.0000	-0.1892	-0.1363	0.9724	0.0000	-0.2983	0.4327	0.2962	1.0000
250	0.9810	-0.0696	0.1811	0.0000	0.0430	0.9882	0.1469	0.0000	-0.1892	-0.1363	0.9724	0.0000	-0.2983	0.4327	0.2962	1.0000
251	0.9840	-0.0647	0.1658	0.0000	0.0417	0.9895	0.1385	0.0000	-0.1731	-0.1294	0.9764	0.0000	-0.3054	0.4304	0.2910	1.0000
252	0.9840	-0.0647	0.1658	0.0000	0.0417	0.9895	0.1385	0.0000	-0.1731	-0.1294	0.9764	0.0000	-0.3054	0.4304	0.2910	1.0000
253	0.9862	-0.0607	0.1539	0.0000	0.0404	0.9905	0.1316	0.0000	-0.1605	-0.1236	0.9793	0.0000	-0.3122	0.4276	0.2869	1.0000
254	0.9862	-0.0607	0.1539	0.0000	0.0404	0.9905	0.1316	0.0000	-0.1605	-0.1236	0.9793	0.0000	-0.3122	0.4276	0.2869	1.0000
255	0.9881	-0.0578	0.1424	0.0000	0.0400	0.9914	0.1247	0.0000	-0.1483	-0.1175	0.9819	0.0000	-0.3183	0.4242	0.2827	1.0000
256	0.9881	-0.0578	0.1424	0.0000	0.0400	0.9914	0.1247	0.0000	-0.1483	-0.1175	0.9819	0.0000	-0.3183	0.4242	0.2827	1.0000
257	0.9899	-0.0557	0.1304	0.0000	0.0405	0.9923	0.1170	0.0000	-0.1359	-0.1105	0.9845	0.0000	-0.3212	0.4188	0.2780	1.0000
258	0.9899	-0.0557	0.1304	0.0000	0.0405	0.9923	0.1170	0.0000	-0.1359	-0.1105	0.9845	0.0000	-0.3212	0.4188	0.2780	1.0000
259	0.9913	-0.0537	0.1200	0.0000	0.0409	0.9934	0.1071	0.0000	-0.1250	-0.1013	0.9870	0.0000	-0.3258	0.4144	0.2736	1.0000
260	0.9913	-0.0537	0.1200	0.0000	0.0409	0.9934	0.1071	0.0000	-0.1250	-0.1013	0.9870	0.0000	-0.3258	0.4144	0.2736	1.0000
261	0.9924	-0.0505	0.1118	0.0000	0.0397	0.9946	0.0963	0.0000	-0.1161	-0.0912	0.9890	0.0000	-0.3299	0.4098	0.2695	1.0000
262	0.9933	-0.0460	0.1063	0.0000	0.0369	0.9956	0.0857	0.0000	-0.1098	-0.0812	0.9906	0.0000	-0.3332	0.4050	0.2658	1.0000
263	0.9933	-0.0460	0.1062	0.0000	0.0369	0.9956	0.0856	0.0000	-0.1097	-0.0811	0.9906	0.0000	-0.3321	0.4049	0.2656	1.0000
264	0.9933	-0.0460	0.1062	0.0000	0.0369	0.9956	0.0856	0.0000	-0.1097	-0.0811	0.9906	0.0000	-0.3321	0.4049	0.2656	1.0000
265	0.9939	-0.0405	0.1027	0.0000	0.0327	0.9966	0.0762	0.0000	-0.1054	-0.0723	0.9918	0.0000	-0.3346	0.4001	0.2624	1.0000
266	0.9939	-0.0405	0.1027	0.0000	0.0327	0.9966	0.0762	0.0000	-0.1054	-0.0723	0.9918	0.0000	-0.3346	0.4001	0.2624	1.0000
267	0.9944	-0.0346	0.0999	0.0000	0.0279	0.9974	0.0671	0.0000	-0.1020	-0.0639	0.9927	0.0000	-0.3365	0.3954	0.2596	1.0000
268	0.9944	-0.0346	0.0999	0.0000	0.0279	0.9974	0.0671	0.0000	-0.1020	-0.0639	0.9927	0.0000	-0.3365	0.3954	0.2596	1.0000
269	0.9948	-0.0285	0.0978	0.0000	0.0230	0.9982	0.0563	0.0000	-0.0992	-0.0537	0.9936	0.0000	-0.3373	0.3918	0.2556	1.0000
270	0.9948	-0.0285	0.0978	0.0000	0.0230	0.9982	0.0563	0.0000	-0.0992	-0.0537	0.9936	0.0000	-0.3373	0.3918	0.2556	1.0000
271	0.9953	-0.0232	0.0945	0.0000	0.0187	0.9987	0.0481	0.0000	-0.0955	-0.0461	0.9944	0.0000	-0.3379	0.3871	0.2531	1.0000
272	0.9953	-0.0232	0.0945	0.0000	0.0187	0.9987	0.0481	0.0000	-0.0955	-0.0461	0.9944	0.0000	-0.3379	0.3871	0.2531	1.0000
273	0.9957	-0.0193	0.0908	0.0000	0.0157	0.9991	0.0401	0.0000	-0.0915	-0.0385	0.9951	0.0000	-0.3383	0.3821	0.2508	1.0000
274	0.9957	-0.0193	0.0908	0.0000	0.0157	0.9991	0.0401	0.0000	-0.0915	-0.0385	0.9951	0.0000	-0.3383	0.3821	0.2508	1.0000
275	0.9960	-0.0164	0.0880	0.0000	0.0137	0.9994	0.0313	0.0000	-0.0884	-0.0299	0.9956	0.0000	-0.3384	0.3773	0.2472	1.0000
276	0.9962	-0.0145	0.0856	0.0000	0.0123	0.9996	0.0262	0.0000	-0.0859	-0.0250	0.9960	0.0000	-0.3382	0.3719	0.2454	1.0000
277	0.9962	-0.0145	0.0856	0.0000	0.0123	0.9996	0.0262	0.0000	-0.0859	-0.0250	0.9960	0.0000	-0.3382	0.3719	0.2454	1.0000
278	0.9962	-0.0145	0.0856	0.0000	0.0123	0.9996	0.0262	0.0000	-0.0859	-0.0250	0.9960	0.0000	-0.3382	0.3719	0.2454	1.0000
279	0.9965	-0.0135	0.0830	0.0000	0.0118	0.9997	0.0214	0.0000	-0.0832	-0.0203	0.9963	0.0000	-0.3381	0.3658	0.2437	1.0000
280	0.9966	-0.0124	0.0810	0.0000	0.0114	0.9998	0.0137	0.0000	-0.0812	-0.0127	0.9966	0.0000	-0.3382	0.3593	0.2419	1.0000
281	0.9966	-0.0124	0.0811	0.0000	0.0113	0.9998	0.0136	0.0000	-0.0812	-0.0126	0.9966	0.0000	-0.3384	0.3598	0.2412	1.0000
282	0.9966	-0.0088	0.0814	0.0000	0.0085	1.0000	0.0043	0.0000	-0.0814	-0.0036	0.9967	0.0000	-0.3386	0.3531	0.2392	1.0000
283	0.9966	-0.0088	0.0814	0.0000	0.0085	1.0000	0.0043	0.0000	-0.0814	-0.0036	0.9967	0.0000	-0.3386	0.3531	0.2392	1.0000
284	0.9965	-0.0027	0.0837	0.0000	0.0033	1.0000	-0.0070	0.0000	-0.0837	0.0073	0.9965	0.0000	-0.3384	0.3463	0.2372	1.0000
285	0.9965	-0.0027	0.0837	0.0000	0.0033	1.0000	-0.0070	0.0000	-0.0837	0.0073	0.9965	0.0000	-0.3384	0.3463	0.2372	1.0000
286	0.9963	0.0035	0.0860	0.0000	-0.0018	0.9998	-0.0194	0.0000	-0.0860	0.0192	0.9961	0.0000	-0.3375	0.3393	0.2347	1.0000
287	0.9963	0.0035	0.0860	0.0000	-0.0018	0.9998	-0.0194	0.0000	-0.0860	0.0192	0.9961	0.0000	-0.3375	0.3393	0.2347	1.0000
288	0.9961	0.0074	0.0874	0.0000	-0.0046	0.9995	-0.0327	0.0000	-0.0876	0.0322	0.9956	0.0000	-0.3361	0.3320	0.2327	1.0000
289	0.9961	0.0074	0.0874	0.0000	-0.0046	0.9995	-0.0327	0.0000	-0.0876	0.0322	0.9956	0.0000	-0.3361	0.3320	0.2327	1.0000
290	0.9961	0.0092	0.0879	0.0000	-0.0052	0.9989	-0.0456	0.0000	-0.0882	0.0449	0.9951	0.0000	-0.3339	0.3245	0.2308	1.0000
291	0.9961	0.0092	0.0879	0.0000	-0.0052	0.9989	-0.0456	0.0000	-0.0882	0.0449	0.9951	0.0000	-0.3339	0.3245	0.2308	1.0000
292	0.9961	0.0097	0.0875	0.0000	-0.0049	0.9985	-0.0553	0.0000	-0.0879	0.0547	0.9946	0.0000	-0.3313	0.3174	0.2293	1.0000
293	0.9961	0.0097	0.0876	0.0000	-0.0048	0.9985	-0.0553	0.0000	-0.0880	0.0547	0.9946	0.0000	-0.3315	0.3177	0.2284	1.0000
294	0.9961	0.0088	0.0879	0.0000	-0.0032	0.9980	-0.0637	0.0000	-0.0883	0.0632	0.9941	0.0000	-0.3283	0.3109	0.2270	1.0000
295	0.9961	0.0088	0.0879	0.0000	-0.0032	0.9980	-0.0637	0.0000	-0.0883	0.0632	0.9941	0.0000	-0.3283	0.3109	0.2270	1.0000
296	0.9959	0.0073	0.0906	0.0000	-0.0006	0.9973	-0.0734	0.0000	-0.0909	0.0731	0.9932	0.0000	-0.3243	0.3045	0.2257	1.0000
297	0.9959	0.0073	0.0906	0.0000	-0.0006	0.9973	-0.0734	0.0000	-0.0909	0.0731	0.9932	0.0000	-0.3243	0.3045	0.2257	1.0000
298	0.9953	0.0042	0.0970	0.0000	0.0038	0.9966	-0.0823	0.0000	-0.0970	0.0823	0.9919	0.0000	-0.3197	0.2990	0.2250	1.0000
299	0.9953	0.0042	0.0970	0.0000	0.0038	0.9966	-0.0823	0.0000	-0.0970	0.0823	0.9919	0.0000	-0.3197	0.2990	0.2250	1.0000
300	0.9943	-0.0000	0.1066	0.0000	0.0094	0.9961	-0.0874	0.0000	-0.1062	0.0880	0.9904	0.0000	-0.3142	0.2937	0.2248	1.0000
301	0.9943	-0.0000	0.1066	0.0000	0.0094	0.9961	-0.0874	0.0000	-0.1062	0.0880	0.9904	0.0000	-0.3142	0.2937	0.2248	1.0000
302	0.9931	-0.0044	0.1174	0.0000	0.0152	0.9957	-0.0910	0.0000	-0.1165	0.0921	0.9889	0.0000	-0.3088	0.2895	0.2251	1.0000
303	0.9931	-0.0044	0.1174	0.0000	0.0152	0.9957	-0.0910	0.0000	-0.1165	0.0921	0.9889	0.0000	-0.3088	0.2895	0.2251	1.0000
304	0.9912	-0.0101	0.1320	0.0000	0.0227	0.9952	-0.0947	0.0000	-0.1304	0.0969	0.9867	0.0000	-0.3028	0.2862	0.2272	1.0000
305	0.9912	-0.0101	0.1320	0.0000	0.0227	0.9952	-0.0947	0.0000	-0.1304	0.0969	0.9867	0.0000	-0.3028	0.2862	0.2272	1.0000
306	0.9889	-0.0154	0.1478	0.0000	0.0299	0.9949	-0.0966	0.0000	-0.1456	0.0999	0.9843	0.0000	-0.2957	0.2826	0.2285	1.0000
307	0.9889	-0.0154	0.1478	0.0000	0.0299	0.9949	-0.0966	0.0000	-0.1456	0.0999	0.9843	0.0000	-0.2957	0.2826	0.2285	1.0000
308	0.9861	-0.0197	0.1649	0.0000	0.0362	0.9946	-0.0976	0.0000	-0.1621	0.1023	0.9815	0.0000	-0.2885	0.2796	0.2303	1.0000
309	0.9861	-0.0197	0.1649	0.0000	0.0362	0.9946	-0.0976	0.0000	-0.1621	0.1023	0.9815	0.0000	-0.2885	0.2796	0.2303	1.0000
310	0.9830	-0.0227	0.1821	0.0000	0.0410	0.9944	-0.0971	0.0000	-0.1789	0.1029	0.9785	0.0000	-0.2813	0.2771	0.2325	1.0000
311	0.9830	-0.0228	0.1822	0.0000	0.0410	0.9944	-0.0970	0.0000	-0.1790	0.1028	0.9785	0.0000	-0.2807	0.2779	0.2317	1.0000
312	0.9796	-0.0251	0.1992	0.0000	0.0448	0.9945	-0.0946	0.0000	-0.1958	0.1016	0.9754	0.0000	-0.2735	0.2759	0.2342	1.0000
313	0.9796	-0.0251	0.1992	0.0000	0.0448	0.9945	-0.0946	0.0000	-0.1958	0.1016	0.9754	0.0000	-0.2735	0.2759	0.2342	1.0000
314	0.9759	-0.0269	0.2165	0.0000	0.0478	0.9946	-0.0921	0.0000	-0.2128	0.1002	0.9719	0.0000	-0.2665	0.2740	0.2371	1.0000
315	0.9759	-0.0269	0.2165	0.0000	0.0478	0.9946	-0.0921	0.0000	-0.2128	0.1002	0.9719	0.0000	-0.2665	0.2740	0.2371	1.0000
316	0.9720	-0.0287	0.2331	0.0000	0.0508	0.9947	-0.0893	0.0000	-0.2293	0.0986	0.9683	0.0000	-0.2598	0.2722	0.2401	1.0000
317	0.9720	-0.0287	0.2331	0.0000	0.0508	0.9947	-0.0893	0.0000	-0.2293	0.0986	0.9683	0.0000	-0.2598	0.2722	0.2401	1.0000
318	0.9681	-0.0307	0.2487	0.0000	0.0537	0.9948	-0.0863	0.0000	-0.2447	0.0969	0.9647	0.0000	-0.2532	0.2707	0.2431	1.0000
319	0.9681	-0.0307	0.2487	0.0000	0.0537	0.9948	-0.0863	0.0000	-0.2447	0.0969	0.9647	0.0000	-0.2532	0.2707	0.2431	1.0000
320	0.9646	-0.0321	0.2617	0.0000	0.0559	0.9949	-0.0840	0.0000	-0.2577	0.0956	0.9615	0.0000	-0.2481	0.2689	0.2458	1.0000
321	0.9604	-0.0325	0.2767	0.0000	0.0575	0.9949	-0.0830	0.0000	-0.2726	0.0956	0.9574	0.0000	-0.2428	0.2665	0.2488	1.0000
322	0.9604	-0.0325	0.2767	0.0000	0.0575	0.9949	-0.0830	0.0000	-0.2726	0.0956	0.9574	0.0000	-0.2428	0.2665	0.2488	1.0000
323	0.9604	-0.0325	0.2769	0.0000	0.0576	0.9949	-0.0831	0.0000	-0.2728	0.0957	0.9573	0.0000	-0.2429	0.2660	0.2475	1.0000
324	0.9563	-0.0320	0.2907	0.0000	0.0588	0.9947	-0.0839	0.0000	-0.2865	0.0973	0.9531	0.0000	-0.2382	0.2631	0.2501	1.0000
325	0.9563	-0.0320	0.2907	0.0000	0.0588	0.9947	-0.0839	0.0000	-0.2865	0.0973	0.9531	0.0000	-0.2382	0.2631	0.2501	1.0000
326	0.9526	-0.0311	0.3027	0.0000	0.0601	0.9944	-0.0869	0.0000	-0.2983	0.1009	0.9491	0.0000	-0.2342	0.2596	0.2523	1.0000
327	0.9526	-0.0311	0.3027	0.0000	0.0601	0.9944	-0.0869	0.0000	-0.2983	0.1009	0.9491	0.0000	-0.2342	0.2596	0.2523	1.0000
328	0.9493	-0.0301	0.3128	0.0000	0.0616	0.9939	-0.0913	0.0000	-0.3081	0.1059	0.9454	0.0000	-0.2311	0.2555	0.2540	1.0000
329	0.9493	-0.0300	0.3129	0.0000	0.0615	0.9939	-0.0913	0.0000	-0.3082	0.1059	0.9454	0.0000	-0.2313	0.2543	0.2531	1.0000
330	0.9468	-0.0298	0.3203	0.0000	0.0638	0.9933	-0.0963	0.0000	-0.3153	0.1116	0.9424	0.0000	-0.2289	0.2492	0.2545	1.0000
331	0.9456	-0.0311	0.3238	0.0000	0.0677	0.9924	-0.1023	0.0000	-0.3182	0.1187	0.9406	0.0000	-0.2273	0.2432	0.2553	1.0000
332	0.9456	-0.0311	0.3238	0.0000	0.0677	0.9924	-0.1023	0.0000	-0.3182	0.1187	0.9406	0.0000	-0.2273	0.2432	0.2553	1.0000
333	0.9453	-0.0342	0.3245	0.0000	0.0734	0.9913	-0.1093	0.0000	-0.3179	0.1271	0.9395	0.0000	-0.2267	0.2362	0.2556	1.0000
